1 7.19288e-13 -4.30836e-11 -3.68959e-12 -7.19336e-13 1 -1.57686e-12 -0.92 4.30836e-11 1.57686e-12 1 0.08
0.999997 -0.00204586 -0.00111572 0.00358004 0.00204613 0.999998 0.000237406 -0.919981 0.00111523 -0.000239688 0.999999 0.569288
0.999991 -0.00267107 -0.00316827 -0.000153313 0.00266829 0.999996 -0.000879963 -0.92007 0.00317061 0.000871502 0.999995 1.09079
0.999978 -0.00307481 -0.00594254 -0.00460904 0.00305975 0.999992 -0.00254142 -0.920203 0.0059503 0.00252318 0.999979 1.66377
0.999955 -0.00490101 -0.00815281 -0.00883903 0.0048673 0.99998 -0.00414996 -0.920332 0.00817299 0.00411009 0.999958 2.22659
0.999925 -0.0068518 -0.0101033 -0.00921989 0.00679899 0.999963 -0.00525244 -0.92042 0.0101389 0.00518336 0.999935 2.76105
0.999883 -0.00849066 -0.0127392 -0.0164661 0.00841883 0.999948 -0.0056814 -0.920455 0.0127868 0.00557349 0.999903 3.31904
0.999861 -0.00871644 -0.0142086 -0.0253962 0.00864401 0.999949 -0.00515095 -0.920412 0.0142528 0.00502742 0.999886 3.88329
0.999831 -0.00868081 -0.0162147 -0.0383493 0.00859143 0.999948 -0.00557403 -0.920446 0.0162623 0.00543378 0.999853 4.4677
0.999819 -0.00850193 -0.0169982 -0.0465957 0.00837372 0.999936 -0.00759929 -0.920608 0.0170617 0.00745558 0.999827 5.0404
0.999795 -0.00628011 -0.0192334 -0.0662581 0.00606755 0.99992 -0.01109 -0.920887 0.0193015 0.010971 0.999754 5.63574
0.999766 -0.00476588 -0.0211185 -0.0825588 0.00447693 0.999896 -0.0137087 -0.921097 0.0211816 0.013611 0.999683 6.23997
0.999746 -0.00334781 -0.0223001 -0.0985145 0.00306487 0.999915 -0.0127097 -0.921017 0.0223407 0.0126381 0.999671 6.84517
0.999719 -0.00152652 -0.023671 -0.124375 0.00136267 0.999975 -0.00693684 -0.920555 0.023681 0.00690263 0.999696 7.50118
0.999699 -0.000665558 -0.0245415 -0.142608 0.000737716 0.999995 0.00293131 -0.919766 0.0245394 -0.00294853 0.999694 8.14492
0.999658 0.00030875 -0.0261619 -0.170185 -6.5247e-05 0.999957 0.00930787 -0.919255 0.0261637 -0.00930298 0.999614 8.81995
0.999628 0.00201823 -0.0271777 -0.196494 -0.00178608 0.999962 0.00856338 -0.919315 0.027194 -0.00851166 0.999594 9.49439
0.999599 0.00394204 -0.0280593 -0.227484 -0.00388515 0.99999 0.00208171 -0.919833 0.0280672 -0.00197186 0.999604 10.1671
0.999543 0.00355225 -0.0300054 -0.255416 -0.00363486 0.99999 -0.00269933 -0.920216 0.0299955 0.00280716 0.999546 10.8794
0.999523 0.00166889 -0.0308227 -0.278202 -0.0016975 0.999998 -0.000902236 -0.920072 0.0308212 0.000954128 0.999524 11.5899
0.999506 0.00120518 -0.0314182 -0.306588 -0.000987112 0.999975 0.00695528 -0.919444 0.0314258 -0.00692082 0.999482 12.3657
0.999474 0.000254254 -0.0324338 -0.33049 0.000196595 0.999903 0.0138966 -0.918888 0.0324342 -0.0138957 0.999377 13.1118
0.999425 -0.000408714 -0.0338968 -0.361759 0.000975112 0.99986 0.0166946 -0.918664 0.0338852 -0.0167181 0.999286 13.9144
0.999416 -0.0023024 -0.0341032 -0.39156 0.00285805 0.999864 0.0162534 -0.9187 0.0340611 -0.0163414 0.999286 14.712
0.999418 -0.00236599 -0.0340336 -0.419475 0.002862 0.99989 0.0145326 -0.918837 0.0339955 -0.0146215 0.999315 15.5052
0.999417 -0.000697175 -0.0341227 -0.461926 0.00106281 0.999942 0.0106984 -0.919144 0.0341133 -0.0107284 0.99936 16.3597
0.999424 -0.00307848 -0.0337873 -0.488519 0.00328203 0.999977 0.00597053 -0.919522 0.0337681 -0.00607798 0.999411 17.1788
0.999415 -0.00561278 -0.0337299 -0.518263 0.00563043 0.999984 0.000428297 -0.919966 0.033727 -0.00061796 0.999431 18.0624
0.999448 -0.00412369 -0.0329597 -0.5549 0.00400518 0.999985 -0.0036609 -0.920293 0.0329743 0.00352687 0.99945 18.9072
0.999434 -0.00309621 -0.0334831 -0.591479 0.00292812 0.999983 -0.00506806 -0.920405 0.0334982 0.00496715 0.999426 19.8306
0.999403 -0.00370005 -0.0343397 -0.629946 0.00355353 0.999984 -0.00432702 -0.920346 0.0343552 0.00420241 0.999401 20.7392
0.999406 -0.00297364 -0.0343191 -0.669254 0.00280007 0.999983 -0.00510466 -0.920408 0.0343337 0.00500553 0.999398 21.637
0.999373 0.000412605 -0.0353919 -0.71179 -0.000643533 0.999979 -0.00651374 -0.920521 0.0353885 0.00653243 0.999352 22.607
0.999339 0.00367509 -0.0361675 -0.756696 -0.00393221 0.999968 -0.0070406 -0.920563 0.0361405 0.00717816 0.999321 23.5192
0.999297 0.00503652 -0.0371398 -0.802797 -0.0052824 0.999965 -0.00652527 -0.920522 0.0371056 0.00671687 0.999289 24.5096
0.999242 0.00610113 -0.0384541 -0.8456 -0.00634397 0.999961 -0.00619623 -0.920496 0.0384147 0.00643549 0.999241 25.4352
0.999209 0.00623919 -0.0392788 -0.890272 -0.00644723 0.999966 -0.00517199 -0.920414 0.0392452 0.00542114 0.999215 26.4259
0.999149 0.00725935 -0.040607 -0.937283 -0.00744134 0.999963 -0.00433253 -0.920347 0.040574 0.00463101 0.999166 27.3991
0.999096 0.00775556 -0.0417868 -0.983299 -0.00785016 0.999967 -0.00210019 -0.920168 0.0417691 0.00242633 0.999124 28.3379
0.999055 0.00876794 -0.0425717 -1.03466 -0.00883755 0.99996 -0.00144715 -0.920116 0.0425573 0.00182202 0.999092 29.3719
0.999045 0.00915973 -0.0427208 -1.08097 -0.00924896 0.999955 -0.00189158 -0.920151 0.0427015 0.00228489 0.999085 30.364
0.999078 0.00877624 -0.0420246 -1.12873 -0.00889924 0.999957 -0.00274063 -0.920219 0.0419987 0.00311209 0.999113 31.3802
0.999084 0.00866732 -0.041901 -1.17639 -0.00874459 0.99996 -0.00166121 -0.920133 0.041885 0.0020261 0.99912 32.4174
0.999091 0.00729342 -0.0420082 -1.21963 -0.00724894 0.999973 0.00121107 -0.919903 0.0420159 -0.000905455 0.999117 33.4217
0.998981 0.00803157 -0.0444103 -1.2704 -0.0078156 0.999957 0.00503463 -0.919597 0.0444488 -0.00468241 0.999001 34.4433
0.998859 0.00816325 -0.0470469 -1.32063 -0.00780426 0.999939 0.00780908 -0.919375 0.0471078 -0.007433 0.998862 35.4827
0.998662 0.0081229 -0.0510731 -1.37804 -0.00764754 0.999926 0.00949603 -0.91924 0.0511465 -0.00909274 0.99865 36.5344
0.998447 0.00844947 -0.0550667 -1.43966 -0.00792601 0.999921 0.00971743 -0.919223 0.0551445 -0.00926588 0.998435 37.5677
0.99811 0.00909093 -0.0607707 -1.50748 -0.0084327 0.999903 0.0110792 -0.919114 0.0608655 -0.0105458 0.99809 38.641
0.997743 0.00919335 -0.0665221 -1.57578 -0.00833679 0.999879 0.0131424 -0.918949 0.0666349 -0.0125582 0.997698 39.7071
0.997282 0.00926925 -0.0730963 -1.6506 -0.00808348 0.999831 0.0165011 -0.91868 0.0732369 -0.0158654 0.997188 40.7494
0.996676 0.0101237 -0.0808351 -1.7399 -0.00851256 0.999759 0.020251 -0.91838 0.0810206 -0.0194956 0.996522 41.828
0.996101 0.0121435 -0.087385 -1.82988 -0.0103041 0.999716 0.0214697 -0.918282 0.0876209 -0.0204855 0.995943 42.8508
0.995332 0.0140346 -0.0954795 -1.93567 -0.0121403 0.999718 0.0203917 -0.918369 0.0957389 -0.0191374 0.995223 43.9262
0.994629 0.0154769 -0.102341 -2.04016 -0.01364 0.999734 0.0186245 -0.91851 0.102602 -0.0171285 0.994575 44.9721
0.993733 0.0153618 -0.110723 -2.16299 -0.0132246 0.999712 0.0200111 -0.918399 0.110998 -0.0184215 0.99365 46.046
0.992844 0.0153705 -0.118426 -2.28384 -0.0125785 0.999626 0.0242877 -0.918057 0.118755 -0.0226243 0.992666 47.1043
0.991932 0.0160882 -0.125746 -2.4153 -0.0127072 0.999537 0.0276433 -0.917789 0.126132 -0.0258224 0.991677 48.1352
0.990974 0.014974 -0.133216 -2.55871 -0.0110018 0.999474 0.0305044 -0.91756 0.133603 -0.0287634 0.990617 49.2055
0.990118 0.0152163 -0.139409 -2.69972 -0.0110507 0.99947 0.0306057 -0.917552 0.139801 -0.0287626 0.989762 50.2465
0.9891 0.0142227 -0.146558 -2.86201 -0.00987878 0.999491 0.030325 -0.917574 0.146915 -0.0285467 0.988737 51.3176
0.988102 0.0148858 -0.15308 -3.02708 -0.0105617 0.999523 0.0290215 -0.917678 0.153439 -0.0270594 0.987787 52.3701
0.987346 0.0118929 -0.158133 -3.18698 -0.00758024 0.999583 0.0278476 -0.917772 0.158398 -0.0262965 0.987025 53.4044
0.986424 0.0103718 -0.163889 -3.36073 -0.00620205 0.999644 0.0259336 -0.917925 0.1641 -0.0245651 0.986138 54.4651
0.985771 0.00915325 -0.167845 -3.53488 -0.00494234 0.999663 0.0254887 -0.917961 0.168022 -0.0242965 0.985484 55.4857
0.985037 0.00903527 -0.172108 -3.71505 -0.00419314 0.999586 0.0284771 -0.917722 0.172294 -0.0273293 0.984666 56.5442
0.984513 0.00818761 -0.175122 -3.90665 -0.00224633 0.999416 0.0340979 -0.917272 0.175299 -0.0331765 0.983956 57.6191
0.983963 0.00709492 -0.178232 -4.10074 -7.7951e-06 0.99921 0.0397328 -0.916821 0.178373 -0.0390942 0.983186 58.6892
0.983553 0.00584697 -0.180522 -4.28932 0.00148503 0.99918 0.0404536 -0.916764 0.180611 -0.0400564 0.982739 59.7367
0.983262 0.00229956 -0.182185 -4.47437 0.00476988 0.999253 0.038356 -0.916932 0.182137 -0.038583 0.982516 60.7599
0.983187 0.000290487 -0.1826 -4.67398 0.00617954 0.999373 0.0348627 -0.917211 0.182496 -0.035405 0.982569 61.8311
0.983149 0.00169243 -0.182798 -4.87056 0.00385474 0.999543 0.0299863 -0.917601 0.182765 -0.0301857 0.982693 62.8682
0.983507 0.00100313 -0.180869 -5.07112 0.00369087 0.999665 0.0256141 -0.917951 0.180834 -0.0258592 0.983174 63.9286
0.983962 0.0038345 -0.178338 -5.27457 0.000609569 0.999691 0.0248579 -0.918011 0.178378 -0.0245679 0.983655 64.9663
0.984267 0.00721716 -0.17654 -5.47135 -0.00260653 0.99965 0.0263347 -0.917893 0.176668 -0.0254602 0.983941 65.9962
0.984399 0.00842445 -0.175747 -5.67557 -0.00358902 0.999607 0.0278134 -0.917775 0.175912 -0.0267487 0.984042 67.0781
0.984474 0.00791153 -0.175351 -5.86786 -0.00289276 0.999579 0.0288586 -0.917691 0.175505 -0.0279033 0.984083 68.1105
0.984359 0.00642881 -0.176056 -6.07408 -0.00132283 0.999575 0.029104 -0.917672 0.176168 -0.0284159 0.98395 69.2172
0.984114 0.00626149 -0.177426 -6.26815 -0.000928095 0.999546 0.0301269 -0.91759 0.177534 -0.0294837 0.983673 70.2462
0.983683 0.0040844 -0.179867 -6.46761 0.00171757 0.999483 0.0320896 -0.917433 0.179905 -0.0318749 0.983167 71.3152
0.983385 0.00380393 -0.181493 -6.66962 0.00214918 0.999466 0.0325928 -0.917393 0.181521 -0.0324413 0.982852 72.3736
0.983194 0.00350766 -0.182533 -6.87084 0.00223562 0.999509 0.0312492 -0.9175 0.182553 -0.0311321 0.982703 73.4154
0.98303 0.00415194 -0.183397 -7.07542 0.00105659 0.999599 0.0282935 -0.917737 0.183441 -0.0280071 0.982632 74.4783
0.983052 0.00609256 -0.183224 -7.27879 -0.00108138 0.999623 0.0274375 -0.917805 0.183322 -0.0267743 0.982688 75.4963
0.982965 0.00732786 -0.183646 -7.48805 -0.00189668 0.999556 0.0297324 -0.917621 0.183782 -0.0288776 0.982543 76.5691
0.982999 0.00820134 -0.183427 -7.69817 -0.00225872 0.999466 0.0325832 -0.917393 0.183597 -0.0316149 0.982493 77.6288
0.983038 0.00992634 -0.183131 -7.89869 -0.00350801 0.999369 0.0353384 -0.917173 0.183367 -0.0340965 0.982453 78.6508
0.982905 0.0107701 -0.183796 -8.10625 -0.00432405 0.999363 0.0354368 -0.917165 0.184061 -0.0340363 0.982325 79.6971
0.982745 0.0103733 -0.184676 -8.30577 -0.00421486 0.999423 0.0337084 -0.917303 0.184919 -0.0323484 0.982221 80.719
0.982602 0.00999101 -0.185455 -8.51104 -0.00392568 0.999446 0.0330435 -0.917357 0.185683 -0.0317406 0.982097 81.7704
0.982537 0.010042 -0.185795 -8.70405 -0.00402787 0.999456 0.0327187 -0.917383 0.186023 -0.031399 0.982044 82.7668
0.982341 0.00877787 -0.186891 -8.89961 -0.00259043 0.999441 0.0333258 -0.917334 0.187079 -0.0322532 0.981815 83.7849
0.982329 0.00801841 -0.186991 -9.08919 -0.00151355 0.99939 0.0349038 -0.917208 0.187157 -0.034004 0.981741 84.7645
0.982148 0.00765924 -0.187955 -9.27403 -0.000785209 0.999329 0.03662 -0.91707 0.188109 -0.0358187 0.981495 85.6995
0.981874 0.00643455 -0.189427 -9.46338 0.00072512 0.999289 0.037703 -0.916984 0.189535 -0.037157 0.981171 86.653
0.98146 0.00526367 -0.191593 -9.64568 0.00202468 0.999282 0.0378252 -0.916974 0.191654 -0.0375118 0.980745 87.5574
0.980865 0.00388247 -0.194649 -9.83621 0.00346779 0.999294 0.0374067 -0.917008 0.194656 -0.037366 0.98016 88.4822
0.980271 0.00368289 -0.197627 -10.0178 0.00357603 0.999332 0.0363611 -0.917091 0.197629 -0.0363504 0.979603 89.3517
0.979685 0.00329698 -0.200516 -10.1962 0.00425491 0.999298 0.0372197 -0.917022 0.200498 -0.0373167 0.978983 90.1935
0.978976 0.00402484 -0.203937 -10.3766 0.00383114 0.999266 0.0381122 -0.916951 0.203941 -0.0380922 0.978242 91.0317
0.978442 0.00510515 -0.206457 -10.5538 0.00305879 0.999226 0.0392045 -0.916864 0.206497 -0.0389909 0.97767 91.8338
0.977759 0.00629302 -0.209636 -10.7269 0.00231782 0.999164 0.0408043 -0.916736 0.209717 -0.0403827 0.976928 92.6101
0.977213 0.00737383 -0.212135 -10.8954 0.00152122 0.999127 0.0417374 -0.916661 0.212257 -0.0411091 0.976349 93.3456
0.97676 0.0086725 -0.214162 -11.0667 0.000317442 0.999121 0.0419072 -0.916647 0.214338 -0.0410012 0.975899 94.0902
0.976166 0.010542 -0.216767 -11.2305 -0.00166655 0.999154 0.0410867 -0.916713 0.217017 -0.0397462 0.975358 94.777
0.975714 0.0101617 -0.218814 -11.3854 -0.00201403 0.999297 0.0374264 -0.917006 0.219041 -0.0360768 0.975049 95.4353
0.975143 0.0112855 -0.221288 -11.5419 -0.0037744 0.999403 0.0343363 -0.917253 0.221543 -0.0326476 0.974604 96.0795
0.974724 0.0122538 -0.223078 -11.6901 -0.0052826 0.99948 0.03182 -0.917454 0.223351 -0.0298373 0.974281 96.6795
0.974466 0.0129898 -0.224158 -11.8372 -0.0061083 0.999489 0.0313657 -0.917491 0.224451 -0.0291956 0.974048 97.2728
0.974726 0.0149491 -0.222904 -11.9707 -0.00815198 0.999474 0.0313824 -0.917489 0.223255 -0.0287721 0.974335 97.8137
0.975387 0.0181592 -0.219752 -12.0993 -0.011198 0.999396 0.0328818 -0.917369 0.220216 -0.0296117 0.975001 98.3473
0.976443 0.0213383 -0.214718 -12.2219 -0.0142594 0.999304 0.0344634 -0.917243 0.215304 -0.0305898 0.976068 98.8716
0.977951 0.02254 -0.207617 -12.3246 -0.0153437 0.999227 0.0362072 -0.917103 0.208272 -0.0322232 0.97754 99.3511
0.979831 0.0224963 -0.198555 -12.4207 -0.0151603 0.999148 0.0383905 -0.916929 0.19925 -0.034606 0.979338 99.8284
0.982174 0.0218677 -0.186695 -12.4951 -0.0147385 0.999111 0.0394897 -0.916841 0.187393 -0.0360341 0.981624 100.271
0.984615 0.0209949 -0.173473 -12.5648 -0.014255 0.999098 0.0400078 -0.916799 0.174156 -0.0369194 0.984026 100.693
0.987034 0.0201283 -0.159244 -12.6234 -0.0140283 0.999128 0.0393381 -0.916853 0.159897 -0.0365941 0.986455 101.102
0.989692 0.0189891 -0.141949 -12.6803 -0.013753 0.999192 0.0377778 -0.916978 0.142552 -0.0354361 0.989153 101.519
0.99242 0.0175425 -0.121632 -12.7169 -0.0134303 0.999313 0.0345466 -0.917236 0.122155 -0.0326512 0.991974 101.901
0.995076 0.0157377 -0.0978603 -12.7421 -0.0126919 0.999418 0.0316693 -0.917466 0.0983017 -0.0302713 0.994696 102.3
0.997356 0.0126605 -0.0715609 -12.7533 -0.0105417 0.999497 0.0299092 -0.917607 0.0719036 -0.0290757 0.996988 102.675
0.999 0.0106353 -0.0434322 -12.7491 -0.00933956 0.999508 0.0299289 -0.917606 0.0437292 -0.0294934 0.998608 103.029
0.999913 0.00827175 -0.0102995 -12.7338 -0.00797127 0.999551 0.0288814 -0.91769 0.0105337 -0.0287968 0.99953 103.414
0.999677 0.00598533 0.0247182 -12.7023 -0.00668418 0.999577 0.0282876 -0.917737 -0.0245384 -0.0284437 0.999294 103.769
0.998044 0.00280368 0.06245 -12.6565 -0.00461751 0.999571 0.028919 -0.917687 -0.0623421 -0.0291508 0.997629 104.11
0.994655 0.00126954 0.103242 -12.5921 -0.00429125 0.999569 0.0290514 -0.917676 -0.10316 -0.0293392 0.994232 104.473
0.989293 0.00193405 0.14593 -12.5236 -0.00617384 0.999572 0.0286062 -0.917711 -0.145813 -0.0292008 0.988881 104.81
0.981533 0.00361642 0.191258 -12.4356 -0.00920604 0.999556 0.0283451 -0.917732 -0.19107 -0.0295824 0.98113 105.146
0.971454 0.00394743 0.237196 -12.3303 -0.0112982 0.999497 0.0296389 -0.917629 -0.23696 -0.0314727 0.971009 105.479
0.959081 0.00363634 0.28311 -12.2159 -0.0128663 0.999444 0.0307497 -0.91754 -0.28284 -0.033134 0.958595 105.787
0.944155 0.00208911 0.329497 -12.0781 -0.0127714 0.99946 0.0302587 -0.917579 -0.329256 -0.032777 0.943672 106.083
0.926737 0.00170255 0.375708 -11.9291 -0.0135858 0.999488 0.0289821 -0.917681 -0.375466 -0.031963 0.926285 106.381
0.906809 0.00319548 0.42153 -11.7623 -0.015222 0.999567 0.0251687 -0.917987 -0.421267 -0.0292397 0.906465 106.671
0.884149 0.0067071 0.467157 -11.5891 -0.018877 0.999593 0.0213755 -0.91829 -0.466824 -0.0277176 0.883916 106.941
0.858029 0.0121956 0.513457 -11.3941 -0.024486 0.999553 0.0171768 -0.918626 -0.513017 -0.0273107 0.857944 107.231
0.828331 0.0164503 0.559998 -11.1919 -0.0290037 0.999488 0.0135408 -0.918917 -0.559488 -0.0274583 0.828383 107.493
0.796511 0.0166959 0.604393 -10.9543 -0.0298589 0.999485 0.0117402 -0.919061 -0.603886 -0.0273977 0.7966 107.75
0.763033 0.0137634 0.646213 -10.6948 -0.0287752 0.999505 0.0126889 -0.918985 -0.645719 -0.028277 0.763052 107.985
0.724619 0.0116351 0.689052 -10.4209 -0.0292697 0.999475 0.0139038 -0.918888 -0.688528 -0.0302433 0.724579 108.238
0.684203 0.00998523 0.729223 -10.1204 -0.0307187 0.999413 0.0151373 -0.918789 -0.728644 -0.0327577 0.684109 108.473
0.642792 0.00767733 0.766003 -9.83226 -0.0313594 0.999375 0.0162989 -0.918696 -0.765399 -0.0344982 0.642631 108.682
0.597421 0.00314422 0.801921 -9.50464 -0.0313267 0.999321 0.0194198 -0.918446 -0.801316 -0.0367233 0.597114 108.888
0.550871 0.0033366 0.834584 -9.17739 -0.0349927 0.999205 0.0191024 -0.918472 -0.833856 -0.0397273 0.55055 109.071
0.504101 0.00681086 0.863618 -8.83307 -0.039124 0.999122 0.0149575 -0.918803 -0.862758 -0.0413283 0.503925 109.243
0.45692 0.0115356 0.889433 -8.47225 -0.0416576 0.999096 0.00844246 -0.919325 -0.888532 -0.0409092 0.456988 109.41
0.4134 0.0123162 0.910466 -8.09637 -0.0405799 0.999164 0.00490938 -0.919607 -0.909645 -0.0389762 0.413554 109.549
0.37352 0.00988446 0.927569 -7.69436 -0.0340193 0.999416 0.00304906 -0.919756 -0.926998 -0.0326942 0.373639 109.681
0.340147 0.00779515 0.94034 -7.2872 -0.0279973 0.999606 0.00184095 -0.919853 -0.939956 -0.0269532 0.340231 109.796
0.309875 0.00816011 0.950742 -6.86123 -0.0260913 0.99966 -7.60294e-05 -0.920006 -0.950419 -0.0247825 0.309983 109.92
0.283209 0.00704205 0.959032 -6.4102 -0.0264725 0.999649 0.000477212 -0.919962 -0.958693 -0.0255231 0.283296 110.039
0.257971 0.00432437 0.966143 -5.94813 -0.0325767 0.99946 0.00422486 -0.919662 -0.965603 -0.0325636 0.257973 110.174
0.23442 0.00127666 0.972135 -5.4639 -0.0360846 0.999321 0.00738905 -0.919409 -0.971466 -0.0368112 0.234307 110.292
0.213067 -0.00212967 0.977035 -4.9665 -0.0320531 0.999444 0.00916851 -0.919267 -0.976512 -0.0332706 0.21288 110.382
0.192789 -0.00391599 0.981232 -4.43811 -0.0257223 0.999628 0.00904324 -0.919277 -0.980903 -0.026983 0.192617 110.47
0.174323 -0.00290575 0.984684 -3.88079 -0.0226693 0.999719 0.00696338 -0.919443 -0.984427 -0.023536 0.174208 110.56
0.159541 0.00141334 0.98719 -3.32719 -0.0222758 0.999749 0.00216869 -0.919827 -0.98694 -0.0223364 0.159532 110.651
0.148209 0.00645978 0.988935 -2.74327 -0.0250343 0.999683 -0.00277815 -0.920222 -0.988639 -0.0243456 0.148324 110.745
0.142028 0.00650637 0.989841 -2.14342 -0.0224261 0.999743 -0.00335364 -0.920268 -0.989609 -0.021722 0.142137 110.828
0.138008 0.00229786 0.990429 -1.4963 -0.0183267 0.999832 0.000233982 -0.919981 -0.990262 -0.0181835 0.138026 110.912
0.137433 0.000374335 0.990511 -0.886521 -0.0178851 0.999838 0.00210369 -0.919832 -0.99035 -0.0180045 0.137417 111.002
0.138891 0.000688551 0.990307 -0.226235 -0.0183528 0.99983 0.00187882 -0.91985 -0.990138 -0.0184359 0.13888 111.101
0.13996 0.003254 0.990152 0.421153 -0.0234304 0.999726 2.64789e-05 -0.919998 -0.98988 -0.0232034 0.139998 111.207
0.140474 0.00460419 0.990074 1.10538 -0.0226961 0.999741 -0.00142898 -0.920114 -0.989824 -0.02227 0.140542 111.314
0.141478 0.00465939 0.989931 1.81894 -0.0203056 0.999792 -0.00180381 -0.920144 -0.989733 -0.0198459 0.141543 111.418
0.141896 0.00475266 0.98987 2.53092 -0.0185271 0.999826 -0.00214464 -0.920172 -0.989708 -0.0180351 0.141959 111.527
0.142692 0.00474093 0.989756 3.29202 -0.0196096 0.999806 -0.00196199 -0.920157 -0.989573 -0.0191287 0.142757 111.649
0.142682 0.00237516 0.989766 4.03015 -0.0171252 0.999853 6.9356e-05 -0.919994 -0.98962 -0.0169598 0.142702 111.76
0.141703 0.00130084 0.989908 4.79819 -0.0159673 0.999872 0.000971757 -0.919922 -0.98978 -0.0159439 0.141706 111.878
0.14055 0.000543414 0.990073 5.5594 -0.0172439 0.99985 0.00189915 -0.919848 -0.989923 -0.0173397 0.140538 111.997
0.139159 0.000220214 0.99027 6.33369 -0.0180356 0.999835 0.00231214 -0.919815 -0.990106 -0.0181819 0.13914 112.117
0.137741 -0.00255818 0.990465 7.11706 -0.015876 0.999862 0.00479028 -0.919617 -0.990341 -0.0163844 0.137681 112.229
0.13514 -0.00338144 0.990821 7.90622 -0.0161358 0.999854 0.00561306 -0.919551 -0.990695 -0.0167462 0.135066 112.345
0.133428 -0.00345182 0.991052 8.71337 -0.0180758 0.999819 0.00591594 -0.919527 -0.990894 -0.0187034 0.133342 112.462
0.132101 0.000914497 0.991236 9.51097 -0.0214931 0.999767 0.00194199 -0.919845 -0.991003 -0.0215613 0.13209 112.579
0.131077 0.00529427 0.991358 10.3228 -0.022359 0.999747 -0.00238278 -0.920191 -0.99112 -0.0218534 0.131162 112.691
0.12941 0.00740681 0.991564 11.1337 -0.0219298 0.999749 -0.00460587 -0.920368 -0.991349 -0.0211488 0.12954 112.802
0.127775 0.00702055 0.991778 11.9419 -0.0246511 0.999689 -0.00390062 -0.920312 -0.991497 -0.02395 0.127909 112.92
0.127074 0.00476903 0.991882 12.7743 -0.0271843 0.99963 -0.0013236 -0.920106 -0.991521 -0.0267954 0.127156 113.038
0.127215 0.00101203 0.991875 13.6143 -0.0288665 0.99958 0.00268246 -0.919785 -0.991455 -0.0289732 0.127191 113.154
0.127022 -0.00220156 0.991898 14.4507 -0.0321548 0.999463 0.00633606 -0.919493 -0.991379 -0.0326991 0.126882 113.273
0.12695 -0.00116455 0.991908 15.2595 -0.0339313 0.999409 0.00551608 -0.919559 -0.991328 -0.034357 0.126836 113.388
0.127395 0.00460198 0.991841 16.0798 -0.0307408 0.999527 -0.000689215 -0.920055 -0.991376 -0.0304022 0.127476 113.496
0.128239 0.013885 0.991646 16.8782 -0.0286858 0.999536 -0.0102858 -0.920823 -0.991328 -0.0271271 0.128578 113.599
0.128238 0.019602 0.99155 17.6989 -0.0275487 0.999489 -0.016196 -0.921296 -0.991361 -0.025239 0.128713 113.709
0.129634 0.0155984 0.991439 18.5267 -0.0256944 0.999593 -0.0123671 -0.920989 -0.991229 -0.0238713 0.129982 113.821
0.130675 0.0103279 0.991371 19.3497 -0.0231936 0.999704 -0.00735753 -0.920589 -0.991154 -0.022032 0.130876 113.93
0.129635 0.00843625 0.991526 20.1689 -0.0232406 0.999715 -0.00546738 -0.920437 -0.991289 -0.0223348 0.129794 114.038
0.130232 0.00956889 0.991437 20.9802 -0.0245392 0.999678 -0.00642502 -0.920514 -0.99118 -0.0234924 0.130425 114.154
0.127673 0.0118751 0.991745 21.7881 -0.0273276 0.999591 -0.00845096 -0.920676 -0.99144 -0.0260231 0.127945 114.266
0.126459 0.0126815 0.991891 22.5855 -0.0301499 0.999505 -0.0089349 -0.920715 -0.991513 -0.0287755 0.126779 114.38
0.122611 0.0130103 0.992369 23.3853 -0.0304845 0.999492 -0.0093372 -0.920747 -0.991987 -0.0291071 0.122945 114.48
0.121148 0.0138081 0.992538 24.1621 -0.0307259 0.999476 -0.0101542 -0.920812 -0.992159 -0.0292665 0.121509 114.585
0.119319 0.0149233 0.992744 24.9397 -0.0318005 0.999431 -0.0112017 -0.920896 -0.992346 -0.0302332 0.119726 114.688
0.116247 0.0145666 0.993113 25.7272 -0.0328474 0.999402 -0.010814 -0.920865 -0.992677 -0.0313641 0.116656 114.785
0.114758 0.0141046 0.993293 26.5116 -0.0323044 0.999423 -0.0104594 -0.920837 -0.992868 -0.0308874 0.115147 114.884
0.112301 0.0137866 0.993579 27.2846 -0.0319917 0.999435 -0.0102519 -0.92082 -0.993159 -0.030635 0.112679 114.974
0.111097 0.0150652 0.993695 28.0506 -0.0326221 0.999401 -0.0115045 -0.92092 -0.993274 -0.0311383 0.111522 115.07
0.10969 0.0153605 0.993847 28.8076 -0.0316282 0.999428 -0.0119559 -0.920956 -0.993463 -0.0301221 0.110113 115.16
0.108852 0.014191 0.993957 29.5766 -0.0300401 0.999488 -0.0109802 -0.920878 -0.993604 -0.0286633 0.109223 115.249
0.107379 0.0130352 0.994133 30.3385 -0.030166 0.999496 -0.00984726 -0.920788 -0.99376 -0.0289316 0.107718 115.336
0.105616 0.0132136 0.994319 31.0682 -0.0309417 0.999471 -0.00999542 -0.9208 -0.993926 -0.0297103 0.105969 115.417
0.104209 0.0121117 0.994482 31.8173 -0.0314026 0.999467 -0.00888179 -0.920711 -0.99406 -0.0303038 0.104534 115.505
0.102804 0.010723 0.994644 32.5441 -0.0316718 0.99947 -0.00750151 -0.9206 -0.994197 -0.030731 0.10309 115.585
0.102151 0.0104942 0.994714 33.2524 -0.0315129 0.999477 -0.00730831 -0.920585 -0.99427 -0.0305997 0.102428 115.664
0.101122 0.0125699 0.994795 33.9503 -0.0304341 0.999491 -0.00953558 -0.920763 -0.994408 -0.0293115 0.101454 115.738
0.100847 0.0143508 0.994798 34.6384 -0.0301441 0.999481 -0.0113625 -0.920909 -0.994445 -0.0288415 0.101227 115.812
0.100585 0.0169758 0.994784 35.3347 -0.0308264 0.999428 -0.0139381 -0.921115 -0.994451 -0.0292636 0.101051 115.889
0.0997104 0.0174267 0.994864 36.006 -0.0297123 0.999453 -0.0145292 -0.921162 -0.994573 -0.028111 0.100174 115.962
0.0993704 0.0171461 0.994903 36.6964 -0.0276398 0.999513 -0.0144649 -0.921157 -0.994667 -0.0260615 0.0997959 116.033
0.0988541 0.0163743 0.994967 37.3579 -0.0268717 0.999544 -0.0137798 -0.921102 -0.994739 -0.0253743 0.099249 116.105
0.0981615 0.0170648 0.995024 38.0575 -0.0286133 0.999488 -0.0143185 -0.921145 -0.994759 -0.0270654 0.0985995 116.185
0.0977082 0.0171474 0.995067 38.7224 -0.0283336 0.999494 -0.0144416 -0.921155 -0.994812 -0.0267828 0.0981446 116.258
0.0971793 0.0165542 0.995129 39.4221 -0.0292253 0.999478 -0.0137726 -0.921102 -0.994838 -0.0277445 0.0976124 116.329
0.0956529 0.0160053 0.995286 40.0914 -0.028353 0.999509 -0.0133483 -0.921068 -0.995011 -0.0269425 0.0960597 116.399
0.0916989 0.0165075 0.99565 40.7415 -0.0331862 0.999358 -0.0135125 -0.921081 -0.995234 -0.0318027 0.0921878 116.472
0.0861747 0.0178848 0.996119 41.4294 -0.0365359 0.999223 -0.0147798 -0.921182 -0.99561 -0.0351205 0.0867612 116.544
0.0799454 0.020127 0.996596 42.0837 -0.0330048 0.999301 -0.017534 -0.921403 -0.996253 -0.0314907 0.0805538 116.593
0.0726773 0.0230826 0.997088 42.7636 -0.0325159 0.999256 -0.0207627 -0.921661 -0.996825 -0.0309123 0.0733737 116.641
0.0654597 0.0246709 0.99755 43.4094 -0.0331022 0.999198 -0.0225394 -0.921803 -0.997306 -0.0315456 0.0662239 116.688
0.0586749 0.0259072 0.997941 44.1189 -0.0354689 0.999086 -0.0238515 -0.921908 -0.997647 -0.0339963 0.0595402 116.74
0.0527925 0.0250762 0.998291 44.7909 -0.0367969 0.999055 -0.0231495 -0.921852 -0.997927 -0.0355118 0.0536654 116.781
0.0477663 0.0261257 0.998517 45.454 -0.0407875 0.998875 -0.024184 -0.921935 -0.998025 -0.0395718 0.0487782 116.821
0.0433872 0.026235 0.998714 46.1626 -0.0408649 0.998865 -0.0244636 -0.921957 -0.998222 -0.039751 0.0444101 116.861
0.0406717 0.0247987 0.998865 46.8291 -0.0417624 0.998861 -0.0230981 -0.921848 -0.998299 -0.0407755 0.041661 116.893
0.0383269 0.0218657 0.999026 47.5337 -0.0423407 0.998898 -0.0202386 -0.921619 -0.998368 -0.0415238 0.0392105 116.925
0.0365638 0.0191224 0.999148 48.2284 -0.0410216 0.999003 -0.0176185 -0.921409 -0.998489 -0.0403425 0.0373117 116.958
0.0350542 0.0173167 0.999235 48.9515 -0.0443331 0.998893 -0.0157556 -0.92126 -0.998402 -0.0437469 0.0357831 116.992
0.0343508 0.0196757 0.999216 49.666 -0.0435888 0.998884 -0.0181706 -0.921454 -0.998459 -0.0429304 0.0351702 117.023
0.0335474 0.0237668 0.999154 50.4041 -0.0404816 0.998929 -0.0224023 -0.921792 -0.998617 -0.0396958 0.0344736 117.045
0.0332892 0.0267594 0.999087 51.1207 -0.0367133 0.999 -0.0255338 -0.922043 -0.998771 -0.0358298 0.0342383 117.067
0.0316065 0.0282077 0.999102 51.8636 -0.0363786 0.998972 -0.0270531 -0.922164 -0.998838 -0.0354909 0.0326002 117.095
0.0310056 0.0267828 0.99916 52.6073 -0.038076 0.998947 -0.0255955 -0.922048 -0.998794 -0.0372504 0.0319927 117.131
0.0310511 0.0225504 0.999263 53.3551 -0.0382077 0.999042 -0.0213581 -0.921709 -0.998787 -0.0375163 0.031883 117.162
0.0303916 0.0200337 0.999337 54.0782 -0.032862 0.999279 -0.0190331 -0.921523 -0.998998 -0.0322618 0.0310281 117.181
0.029386 0.0203521 0.999361 54.7965 -0.0310463 0.999329 -0.0194385 -0.921555 -0.999086 -0.0304553 0.0299982 117.207
0.0276209 0.020376 0.999411 55.5332 -0.033313 0.999256 -0.0194522 -0.921556 -0.999063 -0.0327561 0.0282791 117.241
0.0253605 0.021079 0.999456 56.2728 -0.0331531 0.999245 -0.0202333 -0.921619 -0.999128 -0.0326219 0.0260401 117.267
0.0233871 0.020426 0.999518 56.9865 -0.0318577 0.999299 -0.0196761 -0.921574 -0.999219 -0.0313822 0.0240214 117.293
0.0213646 0.0202805 0.999566 57.7217 -0.0304431 0.999344 -0.0196253 -0.92157 -0.999308 -0.0300106 0.0219679 117.315
0.0194489 0.0192134 0.999626 58.4765 -0.0302494 0.999369 -0.0186199 -0.92149 -0.999353 -0.0298759 0.0200179 117.34
0.0181262 0.0207739 0.99962 59.1881 -0.0318878 0.999288 -0.0201888 -0.921615 -0.999327 -0.0315097 0.0187758 117.365
0.0172986 0.0217003 0.999615 59.9558 -0.033945 0.999201 -0.0211039 -0.921688 -0.999274 -0.0335668 0.0180214 117.393
0.0166268 0.0219261 0.999621 60.6857 -0.0338135 0.9992 -0.0213544 -0.921708 -0.99929 -0.0334456 0.0173549 117.418
0.0155466 0.022202 0.999633 61.4521 -0.0352956 0.999143 -0.0216422 -0.921731 -0.999256 -0.0349462 0.0163169 117.442
0.0140097 0.0209026 0.999683 62.2196 -0.0364901 0.999126 -0.0203795 -0.92163 -0.999236 -0.036193 0.0147602 117.457
0.0127242 0.02 0.999719 63.0119 -0.0389762 0.99905 -0.0194906 -0.921559 -0.999159 -0.0387173 0.0134916 117.477
0.0106911 0.018594 0.99977 63.8007 -0.0411665 0.998988 -0.0181393 -0.921451 -0.999095 -0.0409631 0.0114457 117.499
0.00858252 0.0178924 0.999803 64.5656 -0.0407165 0.999017 -0.0175289 -0.921402 -0.999134 -0.0405581 0.00930261 117.515
0.00617129 0.0178444 0.999822 65.3812 -0.0412413 0.998995 -0.0175751 -0.921406 -0.99913 -0.0411255 0.006901 117.525
0.00365967 0.0190188 0.999812 66.1597 -0.0416729 0.998954 -0.0188499 -0.921508 -0.999125 -0.0415961 0.0044484 117.54
0.00222402 0.0220288 0.999755 66.9827 -0.0401027 0.998955 -0.021922 -0.921754 -0.999193 -0.0400441 0.00310511 117.546
0.000875749 0.0241247 0.999709 67.7689 -0.039035 0.998948 -0.0240721 -0.921926 -0.999237 -0.0390025 0.00181653 117.55
0.000111685 0.0268628 0.999639 68.5884 -0.0387878 0.998887 -0.0268382 -0.922147 -0.999247 -0.0387708 0.0011535 117.552
0.000393879 0.0277787 0.999614 69.4086 -0.0375218 0.998911 -0.0277444 -0.92222 -0.999296 -0.0374964 0.00143576 117.551
4.99274e-05 0.0263302 0.999653 70.2309 -0.0349059 0.999044 -0.0263124 -0.922105 -0.999391 -0.0348925 0.000968951 117.55
0.000530493 0.0244066 0.999702 71.0834 -0.0329959 0.999158 -0.0243758 -0.92195 -0.999455 -0.0329731 0.00133536 117.551
0.000840357 0.0217064 0.999764 71.9258 -0.0332812 0.999211 -0.0216665 -0.921733 -0.999446 -0.0332551 0.00156211 117.555
0.00317862 0.0182353 0.999829 72.7696 -0.0330846 0.999288 -0.0181203 -0.92145 -0.999447 -0.0330214 0.00377967 117.56
0.00400051 0.0148288 0.999882 73.6241 -0.032404 0.999367 -0.0146915 -0.921175 -0.999467 -0.0323414 0.0044785 117.568
0.00587942 0.0105435 0.999927 74.4798 -0.0321376 0.99943 -0.0103493 -0.920828 -0.999466 -0.0320744 0.00621491 117.578
0.00706056 0.0101862 0.999923 75.3056 -0.0322993 0.999429 -0.00995308 -0.920796 -0.999453 -0.0322265 0.00738552 117.591
0.00782122 0.0145832 0.999863 76.1518 -0.034161 0.999314 -0.014308 -0.921145 -0.999386 -0.0340444 0.00831404 117.604
0.00936633 0.0201543 0.999753 77.0049 -0.0330369 0.999257 -0.0198348 -0.921587 -0.99941 -0.032843 0.0100252 117.615
0.00973235 0.0239084 0.999667 77.8372 -0.0342379 0.999136 -0.0235624 -0.921885 -0.999366 -0.0339972 0.0105425 117.635
0.0111127 0.0227224 0.99968 78.6887 -0.0355223 0.99912 -0.0223148 -0.921785 -0.999307 -0.0352629 0.01191 117.652
0.011371 0.0198651 0.999738 79.5565 -0.0345322 0.999214 -0.0194619 -0.921557 -0.999339 -0.0343018 0.0120481 117.667
0.0121959 0.0181439 0.999761 80.4126 -0.0348501 0.999236 -0.0177093 -0.921417 -0.999318 -0.0346258 0.0128188 117.679
0.0117868 0.0176198 0.999775 81.2843 -0.0366518 0.99918 -0.0171772 -0.921374 -0.999259 -0.0364411 0.0124229 117.697
0.0115933 0.0179072 0.999772 82.1298 -0.0382007 0.999118 -0.0174525 -0.921396 -0.999203 -0.0379897 0.0122671 117.715
0.0119952 0.0172919 0.999779 82.989 -0.0342864 0.99927 -0.0168718 -0.92135 -0.99934 -0.0340764 0.0125793 117.726
0.011821 0.0161589 0.9998 83.8549 -0.0338275 0.999304 -0.015751 -0.92126 -0.999358 -0.0336345 0.0123593 117.738
0.0122842 0.0178013 0.999766 84.6925 -0.0320016 0.999336 -0.0174005 -0.921392 -0.999412 -0.0317803 0.0128458 117.751
0.012162 0.0206732 0.999712 85.5483 -0.0302767 0.999336 -0.0202971 -0.921624 -0.999468 -0.0300211 0.0127799 117.764
0.0135708 0.022762 0.999649 86.398 -0.0316718 0.999249 -0.0223229 -0.921786 -0.999406 -0.0313578 0.0142816 117.789
0.0134403 0.0209281 0.999691 87.2371 -0.0342694 0.999203 -0.0204571 -0.921637 -0.999322 -0.0339839 0.0141468 117.811
0.0131648 0.0201072 0.999711 88.0996 -0.0389673 0.999049 -0.0195807 -0.921566 -0.999154 -0.0386983 0.0139358 117.84
0.0120074 0.0205662 0.999716 88.9463 -0.0425265 0.998894 -0.0200385 -0.921603 -0.999023 -0.0422738 0.0128688 117.867
0.00971835 0.0254025 0.99963 89.7728 -0.0455455 0.998651 -0.0249348 -0.921995 -0.998915 -0.0452863 0.0108622 117.887
0.00921379 0.0278464 0.99957 90.6229 -0.0465499 0.99854 -0.0273886 -0.922191 -0.998873 -0.0462776 0.0104966 117.902
0.00757541 0.0282021 0.999574 91.4449 -0.0443395 0.998629 -0.0278394 -0.922227 -0.998988 -0.0441097 0.00881549 117.916
0.00592608 0.0268787 0.999621 92.2655 -0.0444008 0.99866 -0.0265896 -0.922127 -0.998996 -0.0442264 0.00711157 117.925
0.00546865 0.0271707 0.999616 93.093 -0.0448384 0.998632 -0.0268986 -0.922152 -0.998979 -0.0446741 0.00667947 117.931
0.00332543 0.0293686 0.999563 93.9229 -0.0439475 0.998607 -0.0291943 -0.922336 -0.999028 -0.0438312 0.00461148 117.932
0.00366449 0.0318008 0.999488 94.7194 -0.0460277 0.99844 -0.0315987 -0.922528 -0.998933 -0.0458883 0.0051225 117.941
0.000646094 0.0319505 0.999489 95.5215 -0.0493461 0.998273 -0.0318797 -0.92255 -0.998782 -0.0493003 0.00222161 117.949
-0.000764768 0.0330318 0.999454 96.3371 -0.052407 0.99808 -0.0330265 -0.922642 -0.998625 -0.0524037 0.000967792 117.96
-0.00350672 0.0337834 0.999423 97.1315 -0.0533254 0.998001 -0.0339224 -0.922714 -0.998571 -0.0534136 -0.0016982 117.966
-0.00793761 0.0361288 0.999316 97.9156 -0.0538995 0.997879 -0.036505 -0.92292 -0.998515 -0.0541523 -0.00597345 117.961
-0.0116406 0.0373994 0.999233 98.7025 -0.0557917 0.997719 -0.0379927 -0.923039 -0.998375 -0.0561911 -0.00952748 117.957
-0.0154606 0.0377978 0.999166 99.4794 -0.0550034 0.99774 -0.038595 -0.923088 -0.998366 -0.0555542 -0.0133466 117.95
-0.0183792 0.0364412 0.999167 100.272 -0.0546588 0.997805 -0.0373969 -0.922992 -0.998336 -0.0553006 -0.016347 117.938
-0.0222105 0.0365033 0.999087 101.046 -0.0534878 0.997859 -0.0376475 -0.923012 -0.998321 -0.0542751 -0.0202104 117.917
-0.0236668 0.0416386 0.998852 101.813 -0.0578815 0.997399 -0.0429494 -0.923436 -0.998043 -0.0588315 -0.0211951 117.911
-0.0260814 0.0476408 0.998524 102.578 -0.0602573 0.996973 -0.0491407 -0.923931 -0.997842 -0.06145 -0.0231317 117.901
-0.0293781 0.0497466 0.99833 103.354 -0.0556315 0.997131 -0.0513239 -0.924106 -0.998019 -0.0570464 -0.0265263 117.875
-0.0315309 0.0464999 0.998421 104.113 -0.0550447 0.997321 -0.0481871 -0.923855 -0.997986 -0.0564771 -0.0288869 117.854
-0.0365799 0.040752 0.998499 104.895 -0.0555446 0.997541 -0.0427477 -0.92342 -0.997786 -0.0570249 -0.0342264 117.826
-0.0377266 0.0391384 0.998521 105.655 -0.0564563 0.997553 -0.0412335 -0.923299 -0.997692 -0.0579284 -0.0354247 117.81
-0.0407825 0.0408086 0.998334 106.415 -0.0567571 0.997458 -0.0430913 -0.923447 -0.997555 -0.05842 -0.0383627 117.782
-0.0428674 0.0438234 0.998119 107.164 -0.0598332 0.997132 -0.0463497 -0.923708 -0.997288 -0.0617076 -0.0401224 117.763
-0.0460886 0.0466272 0.997849 107.92 -0.0595253 0.997007 -0.0493372 -0.923947 -0.997162 -0.0616711 -0.0431752 117.734
-0.048878 0.0493256 0.997586 108.677 -0.0571992 0.997002 -0.0520993 -0.924168 -0.997166 -0.0596076 -0.0459101 117.696
-0.0511886 0.0528416 0.99729 109.407 -0.0569099 0.996822 -0.0557379 -0.924459 -0.997066 -0.0596088 -0.0480188 117.663
-0.0549427 0.0548406 0.996982 110.162 -0.0577833 0.996643 -0.0580063 -0.924641 -0.996816 -0.0607959 -0.0515894 117.632
-0.0566169 0.0526839 0.997005 110.898 -0.0573092 0.996789 -0.0559269 -0.924474 -0.99675 -0.060304 -0.0534158 117.595
-0.0607 0.0488714 0.996959 111.657 -0.0526286 0.997255 -0.0520902 -0.924167 -0.996768 -0.0556304 -0.0579614 117.552
-0.0663932 0.0463844 0.996715 112.386 -0.0518281 0.99741 -0.0498691 -0.92399 -0.996447 -0.0549688 -0.0638172 117.5
-0.0727509 0.0448332 0.996342 113.115 -0.0500991 0.997564 -0.0485463 -0.923884 -0.996091 -0.0534476 -0.0703276 117.452
-0.0818956 0.0444037 0.995651 113.849 -0.0491648 0.997611 -0.0485351 -0.923883 -0.995427 -0.0529258 -0.0795168 117.401
-0.0921678 0.0448924 0.994731 114.571 -0.0485857 0.99759 -0.0495232 -0.923962 -0.994557 -0.0528941 -0.0897646 117.34
-0.104628 0.0450954 0.993488 115.296 -0.0478788 0.997585 -0.0503236 -0.924026 -0.993358 -0.0528323 -0.102216 117.267
-0.117276 0.0457142 0.992047 116.024 -0.04796 0.997514 -0.0516358 -0.924131 -0.99194 -0.0536342 -0.114792 117.185
-0.129639 0.0445848 0.990558 116.751 -0.0438281 0.997755 -0.0506447 -0.924052 -0.990592 -0.0499799 -0.127394 117.091
-0.140944 0.0439722 0.98904 117.466 -0.041499 0.997873 -0.0502787 -0.924022 -0.989147 -0.0481307 -0.13882 116.986
-0.151815 0.0431723 0.987466 118.156 -0.038379 0.998035 -0.0495349 -0.923963 -0.987664 -0.0454181 -0.14986 116.876
-0.161554 0.043212 0.985917 118.881 -0.0338683 0.99821 -0.0493005 -0.923944 -0.986282 -0.0413561 -0.159802 116.753
-0.169985 0.0430195 0.984507 119.583 -0.0306559 0.998332 -0.0489167 -0.923913 -0.98497 -0.0384961 -0.168383 116.627
-0.176665 0.0439446 0.98329 120.272 -0.030567 0.998276 -0.0501063 -0.924009 -0.983796 -0.0389082 -0.175017 116.504
-0.182142 0.041326 0.982404 120.944 -0.028821 0.998463 -0.0473451 -0.923788 -0.98285 -0.0369373 -0.18067 116.377
-0.185387 0.0387243 0.981902 121.662 -0.0237408 0.998755 -0.0438713 -0.92351 -0.982379 -0.0314443 -0.184237 116.237
-0.185823 0.0360357 0.981922 122.334 -0.0190345 0.999008 -0.0402649 -0.923221 -0.982399 -0.0261726 -0.184953 116.099
-0.186975 0.035067 0.981739 123.015 -0.0160149 0.999121 -0.0387379 -0.923099 -0.982234 -0.0229655 -0.186249 115.966
-0.187612 0.0378691 0.981513 123.691 -0.0146797 0.999037 -0.0413511 -0.923308 -0.982134 -0.0221662 -0.186875 115.836
-0.185089 0.0411298 0.981861 124.392 -0.0157729 0.998871 -0.0448157 -0.923585 -0.982595 -0.0237816 -0.184231 115.721
-0.184763 0.0415457 0.981905 125.053 -0.0146619 0.998878 -0.0450227 -0.923602 -0.982674 -0.0227152 -0.183947 115.596
-0.183073 0.0398838 0.98229 125.687 -0.0139468 0.998971 -0.0431604 -0.923453 -0.983 -0.0216013 -0.182328 115.475
-0.18138 0.0378585 0.982684 126.339 -0.0133091 0.999073 -0.0409464 -0.923276 -0.983323 -0.0205055 -0.180708 115.357
-0.17911 0.0376045 0.98311 126.999 -0.0114032 0.999123 -0.0402945 -0.923224 -0.983763 -0.0184278 -0.178524 115.247
-0.176573 0.039636 0.983489 127.657 -0.0104788 0.999057 -0.0421447 -0.923372 -0.984232 -0.0177475 -0.175991 115.134
-0.173055 0.0404922 0.984079 128.286 -0.0092615 0.999043 -0.0427366 -0.923419 -0.984869 -0.0165098 -0.172515 115.025
-0.167146 0.0403337 0.985107 128.899 -0.00801233 0.999074 -0.0422651 -0.923381 -0.9859 -0.0149574 -0.166668 114.923
-0.162845 0.0388239 0.985887 129.524 -0.00642252 0.999163 -0.0404075 -0.923233 -0.986631 -0.0129121 -0.16246 114.816
-0.158154 0.0371113 0.986717 130.167 -0.00747496 0.99922 -0.0387796 -0.923102 -0.987386 -0.0135088 -0.157753 114.714
-0.154128 0.0365296 0.987375 130.786 -0.00839674 0.999232 -0.0382789 -0.923062 -0.988015 -0.0141906 -0.153703 114.621
-0.15106 0.0351774 0.987898 131.406 -0.00763544 0.999295 -0.0367508 -0.92294 -0.988495 -0.0130946 -0.150685 114.524
-0.147706 0.0340202 0.988446 132.017 -0.00579764 0.999361 -0.0352622 -0.922821 -0.989014 -0.0109391 -0.147414 114.432
-0.144534 0.0321032 0.988979 132.623 -0.00316309 0.999453 -0.0329055 -0.922632 -0.989495 -0.00788419 -0.144354 114.336
-0.140668 0.0310629 0.989569 133.231 -0.00448258 0.999478 -0.0320111 -0.922561 -0.990047 -0.00893875 -0.140455 114.261
-0.1373 0.0324137 0.989999 133.846 -0.00724602 0.999405 -0.0337266 -0.922698 -0.990503 -0.0118042 -0.136983 114.183
-0.133459 0.0356215 0.990414 134.435 -0.00652443 0.999301 -0.0368203 -0.922946 -0.991033 -0.0113759 -0.133133 114.108
-0.126798 0.0384663 0.991183 135.033 -0.00434709 0.999217 -0.0393342 -0.923147 -0.991919 -0.00929624 -0.126531 114.033
-0.120815 0.039057 0.991906 135.614 -0.00485983 0.99919 -0.0399358 -0.923195 -0.992663 -0.00964535 -0.120528 113.971
-0.111968 0.0384115 0.992969 136.206 -0.00772389 0.999189 -0.0395231 -0.923162 -0.993682 -0.0120949 -0.111581 113.919
