1 -6.84693e-10 -5.20981e-09 -4.83779e-10 6.84693e-10 1 -3.29211e-10 0.08 5.20981e-09 3.29211e-10 1 1
0.999977 -0.00273184 -0.00624998 0.00310242 0.00273135 0.999996 -8.73398e-05 0.0660128 0.0062502 7.02668e-05 0.99998 1
0.999869 -0.003741 -0.0157673 -0.00716145 0.0037161 0.999992 -0.00160815 0.055268 0.0157731 0.00154935 0.999874 1
0.999632 -0.00491565 -0.0266704 -0.0156804 0.00483806 0.999984 -0.00297326 0.0439686 0.0266845 0.00284314 0.99964 1
0.999288 -0.00662352 -0.0371507 -0.0286581 0.00647547 0.999971 -0.00410406 0.0305551 0.0371768 0.00386057 0.999301 1
0.998799 -0.0113437 -0.0476607 -0.0501444 0.0111436 0.999928 -0.00446338 0.0157917 0.0477079 0.0039269 0.998854 1
0.998209 -0.0138164 -0.0582127 -0.0777851 0.0135728 0.999897 -0.00457793 0.00454236 0.05827 0.00377962 0.998294 1
0.99766 -0.0154434 -0.0666051 -0.107911 0.0152297 0.999877 -0.00371633 -0.00696975 0.0666543 0.00269326 0.997772 1
0.996996 -0.0163614 -0.0757083 -0.152342 0.0161507 0.999864 -0.00339462 -0.0223568 0.0757535 0.00216168 0.997124 1
0.996377 -0.0164197 -0.0834429 -0.193709 0.016104 0.99986 -0.0044558 -0.0430398 0.0835044 0.0030959 0.996503 1
0.995498 -0.0161158 -0.0934003 -0.246557 0.0155209 0.999854 -0.00709187 -0.0563481 0.093501 0.00561028 0.995603 1
0.99467 -0.0154717 -0.10194 -0.301558 0.0146135 0.999851 -0.00916019 -0.0669113 0.102066 0.00762167 0.994748 1
0.993813 -0.0139959 -0.110183 -0.372066 0.0133792 0.99989 -0.0063345 -0.0762111 0.11026 0.00482114 0.993891 1
0.992945 -0.0116773 -0.118001 -0.450977 0.0117569 0.999931 -2.15515e-05 -0.0795963 0.117993 -0.00136592 0.993014 1
0.992289 -0.00995442 -0.123543 -0.520884 0.0112514 0.999889 0.00980492 -0.0877009 0.123432 -0.0111193 0.992291 1
0.991447 -0.00872316 -0.130221 -0.611235 0.0110227 0.999796 0.0169487 -0.0988149 0.130046 -0.0182391 0.99134 1
0.990507 -0.00785234 -0.137236 -0.704911 0.0102555 0.999806 0.0168128 -0.106744 0.137077 -0.0180607 0.990396 1
0.989584 -0.00696514 -0.143788 -0.799309 0.0084609 0.999916 0.00979374 -0.104521 0.143708 -0.0109083 0.98956 1
0.988495 -0.00809475 -0.15104 -0.908063 0.00899225 0.999946 0.00526013 -0.0989502 0.150989 -0.0065578 0.988514 1
0.987394 -0.00991068 -0.157971 -1.00165 0.0111586 0.999913 0.00701447 -0.0945596 0.157887 -0.00868877 0.987419 1
0.986331 -0.0101933 -0.164459 -1.11361 0.0128386 0.999805 0.01503 -0.0930511 0.164273 -0.016936 0.986269 1
0.985292 -0.010425 -0.170563 -1.22758 0.0142136 0.999678 0.0210062 -0.0888363 0.170289 -0.0231215 0.985123 1
0.984024 -0.0109263 -0.177699 -1.36013 0.0153551 0.999604 0.0235671 -0.0840509 0.177371 -0.0259192 0.983802 1
0.982786 -0.0132149 -0.184275 -1.48595 0.0175914 0.9996 0.022135 -0.0741199 0.183908 -0.0249956 0.982625 1
0.981852 -0.0140138 -0.189132 -1.62977 0.0182381 0.999621 0.0206136 -0.0675703 0.188771 -0.023689 0.981735 1
0.98074 -0.0132335 -0.194867 -1.79071 0.0168235 0.999718 0.0167794 -0.0524739 0.19459 -0.0197346 0.980686 1
0.979792 -0.0167552 -0.199314 -1.95245 0.0195146 0.999739 0.0118878 -0.0497372 0.199063 -0.0155371 0.979863 1
0.978639 -0.0194975 -0.204661 -2.12185 0.0213291 0.99975 0.0067469 -0.0505409 0.204478 -0.010968 0.978809 1
0.977688 -0.0190974 -0.209192 -2.29023 0.020189 0.999791 0.00308372 -0.049709 0.20909 -0.0072383 0.977869 1
0.976286 -0.0184772 -0.215696 -2.4562 0.0194041 0.999809 0.00218001 -0.0482323 0.215614 -0.00631369 0.976458 1
0.975135 -0.0199194 -0.220715 -2.63134 0.0211131 0.999772 0.00305008 -0.0524358 0.220604 -0.00763423 0.975333 1
0.973997 -0.0197988 -0.225695 -2.80838 0.0207163 0.999784 0.00169738 -0.0618743 0.225613 -0.00632882 0.974196 1
0.972935 -0.0176937 -0.230398 -3.00524 0.0181864 0.999834 1.48721e-05 -0.0658988 0.23036 -0.00420458 0.973096 1
0.971956 -0.014875 -0.234692 -3.20532 0.0152401 0.999884 -0.000258078 -0.0727801 0.234669 -0.00332592 0.972069 1
0.970626 -0.0135143 -0.240212 -3.39212 0.0141719 0.999899 0.00101036 -0.0880135 0.240174 -0.00438494 0.970719 1
0.96914 -0.0125378 -0.246189 -3.57923 0.013488 0.999906 0.00217338 -0.103593 0.246139 -0.00542691 0.969219 1
0.967732 -0.0127629 -0.251658 -3.77157 0.014252 0.99989 0.00409538 -0.118793 0.251578 -0.00754987 0.967807 1
0.965959 -0.0125044 -0.258391 -3.96947 0.0145731 0.999875 0.00609226 -0.129333 0.258283 -0.00965043 0.966021 1
0.964425 -0.0123305 -0.264067 -4.18053 0.0153436 0.999838 0.00935067 -0.14057 0.263909 -0.0130698 0.964458 1
0.962896 -0.0114924 -0.269629 -4.4293 0.0150622 0.999824 0.0111744 -0.148785 0.269453 -0.014821 0.962899 1
0.961547 -0.0138711 -0.274288 -4.68059 0.0177761 0.999772 0.0117563 -0.161367 0.274063 -0.0161801 0.961575 1
0.960736 -0.0136111 -0.277128 -4.94746 0.0175411 0.999777 0.0117067 -0.155429 0.276907 -0.0161082 0.960761 1
0.959756 -0.0115865 -0.280594 -5.22243 0.0160442 0.999778 0.0135947 -0.157618 0.280374 -0.0175495 0.95973 1
0.958673 -0.0139651 -0.284165 -5.49637 0.0194779 0.999672 0.0165835 -0.151786 0.283841 -0.0214331 0.958631 1
0.95654 -0.0127112 -0.291324 -5.80405 0.0194939 0.999602 0.0203917 -0.145317 0.290949 -0.0251846 0.956407 1
0.954666 -0.0121722 -0.29743 -6.10713 0.0197959 0.999547 0.0226332 -0.131338 0.29702 -0.0274951 0.954475 1
0.952639 -0.0121269 -0.303862 -6.42263 0.0203441 0.999507 0.0238913 -0.121082 0.303423 -0.0289416 0.952416 1
0.950555 -0.0124303 -0.310307 -6.74274 0.0213655 0.999448 0.0254124 -0.107808 0.30982 -0.0307858 0.950296 1
0.947838 -0.0113361 -0.318551 -7.08149 0.0211546 0.999401 0.0273797 -0.0990306 0.31805 -0.0326903 0.94751 1
0.945356 -0.0105476 -0.325869 -7.42147 0.0210781 0.999362 0.0288013 -0.077095 0.325357 -0.0340962 0.944976 1
0.942901 -0.00981481 -0.332929 -7.76653 0.0212365 0.999303 0.0306851 -0.0558435 0.332396 -0.0360033 0.942452 1
0.939929 -0.00854988 -0.341263 -8.12904 0.0211389 0.999225 0.0331879 -0.036853 0.340715 -0.0384082 0.939381 1
0.937142 -0.0071507 -0.348873 -8.49163 0.0196591 0.999284 0.0323263 -0.00877134 0.348392 -0.0371529 0.936612 1
0.933689 -0.00607252 -0.358032 -8.87118 0.0178844 0.999399 0.0296891 0.00865662 0.357636 -0.0341236 0.933237 1
0.930805 -0.00568527 -0.365472 -9.25035 0.0166849 0.999497 0.0269459 0.0221078 0.365135 -0.0311792 0.930432 1
0.927407 -0.00589099 -0.374008 -9.64773 0.0172101 0.999489 0.0269319 0.0392973 0.373658 -0.0314136 0.927034 1
0.923663 -0.00547672 -0.383166 -10.0466 0.0183068 0.999386 0.029846 0.0530603 0.382767 -0.0345822 0.923197 1
0.919998 -0.00417983 -0.391901 -10.4609 0.0180009 0.999338 0.0315992 0.0763864 0.39151 -0.0361258 0.919464 1
0.915798 -0.00554169 -0.4016 -10.8992 0.0202458 0.99927 0.032379 0.09676 0.401128 -0.0377833 0.915242 1
0.912486 -0.00536619 -0.409071 -11.3339 0.0196249 0.999336 0.0306667 0.12062 0.408635 -0.036011 0.911986 1
0.908763 -0.00656678 -0.417259 -11.7838 0.0205094 0.99937 0.0289401 0.140856 0.416806 -0.0348574 0.908326 1
0.905254 -0.00552682 -0.424834 -12.2398 0.0184931 0.99948 0.0264032 0.15305 0.424467 -0.0317581 0.904885 1
0.902745 -0.00723464 -0.430115 -12.6874 0.0197863 0.999498 0.0247165 0.160634 0.429721 -0.0308231 0.902435 1
0.900989 -0.0095402 -0.433737 -13.1495 0.021426 0.999516 0.0225229 0.169422 0.433312 -0.0295861 0.900757 1
0.899809 -0.00985295 -0.436172 -13.5904 0.0215139 0.99953 0.0218035 0.175216 0.435752 -0.0290028 0.899598 1
0.898182 -0.00831198 -0.439544 -14.04 0.0214649 0.999457 0.0249621 0.189087 0.439098 -0.0318553 0.897873 1
0.896013 -0.00487513 -0.444001 -14.4838 0.0212954 0.99926 0.0320032 0.199429 0.443517 -0.0381305 0.895454 1
0.89505 -0.00392827 -0.445947 -14.9564 0.0231223 0.999024 0.037608 0.224646 0.445364 -0.0439724 0.894268 1
0.893165 -0.00410981 -0.44971 -15.4066 0.0242744 0.99894 0.0390821 0.24736 0.449073 -0.0458232 0.892318 1
0.891733 -0.00720186 -0.452505 -15.8624 0.027639 0.998873 0.0385694 0.265821 0.451717 -0.0469004 0.890927 1
0.890502 -0.00917304 -0.454886 -16.3343 0.0292001 0.998887 0.0370201 0.289237 0.454041 -0.0462492 0.889779 1
0.889851 -0.00923675 -0.456158 -16.8081 0.027305 0.99908 0.0330348 0.315736 0.455434 -0.0418515 0.889284 1
0.889549 -0.0102432 -0.456725 -17.2957 0.0269547 0.999183 0.0300897 0.334908 0.456044 -0.0390772 0.889098 1
0.88983 -0.00936392 -0.456195 -17.7832 0.025927 0.999211 0.0300619 0.354381 0.455554 -0.0385778 0.889371 1
0.88956 -0.00821475 -0.456744 -18.2663 0.0249482 0.999219 0.030618 0.381097 0.456136 -0.0386315 0.88907 1
0.888668 -0.00803665 -0.458479 -18.7587 0.0253408 0.999179 0.0316034 0.400794 0.457849 -0.0397032 0.888142 1
0.888173 -0.00919214 -0.459416 -19.2382 0.0273437 0.999085 0.0328727 0.419361 0.458694 -0.0417588 0.887611 1
0.887371 -0.0101793 -0.460942 -19.7422 0.0289275 0.999015 0.0336273 0.445955 0.460146 -0.0431739 0.886792 1
0.886786 -0.0100696 -0.46207 -20.2315 0.0297382 0.998933 0.0353033 0.470062 0.461222 -0.0450477 0.886139 1
0.886071 -0.0107232 -0.463426 -20.7384 0.0320436 0.998757 0.0381571 0.498555 0.462441 -0.0486597 0.885313 1
0.884714 -0.0120724 -0.465977 -21.2322 0.0335593 0.998719 0.0378418 0.525818 0.464924 -0.0491171 0.883986 1
0.883431 -0.0132837 -0.468373 -21.7171 0.034239 0.998755 0.0362545 0.549795 0.467308 -0.048065 0.882785 1
0.882644 -0.013079 -0.469859 -22.2226 0.0328671 0.998883 0.033937 0.569035 0.46889 -0.0453972 0.882088 1
0.882307 -0.0119735 -0.470521 -22.719 0.0316905 0.998918 0.0340053 0.590455 0.469605 -0.0449142 0.881732 1
0.881968 -0.00905119 -0.471221 -23.2223 0.0307277 0.998792 0.0383273 0.610446 0.470305 -0.048283 0.881181 1
0.881362 -0.00798088 -0.472374 -23.7241 0.0309165 0.998688 0.0408115 0.639243 0.471428 -0.0505739 0.880452 1
0.880573 -0.00570829 -0.473874 -24.2237 0.02987 0.998607 0.0434765 0.670362 0.472966 -0.0524389 0.879517 1
0.879644 -0.00546486 -0.4756 -24.7269 0.0302129 0.998556 0.0444063 0.702512 0.47467 -0.053431 0.878539 1
0.878627 -0.00535047 -0.477477 -25.2258 0.0306777 0.998503 0.0452626 0.733219 0.47652 -0.0544169 0.877476 1
0.8775 -0.00485646 -0.47955 -25.7231 0.0303444 0.998506 0.0454134 0.762793 0.478614 -0.054402 0.876337 1
0.876889 -0.00474497 -0.480668 -26.203 0.030134 0.998526 0.0451169 0.793676 0.479745 -0.054047 0.87574 1
0.875872 -0.00688256 -0.482493 -26.6892 0.0330674 0.998403 0.0457856 0.821839 0.481407 -0.0560572 0.874701 1
0.875458 -0.00741599 -0.483236 -27.1572 0.034514 0.998288 0.0472073 0.851676 0.482058 -0.0580065 0.874215 1
0.874472 -0.00778582 -0.485012 -27.5963 0.0359071 0.998166 0.0487168 0.882302 0.483744 -0.0600169 0.873148 1
0.873634 -0.00942839 -0.486491 -28.0427 0.0384916 0.998017 0.0497807 0.910236 0.485058 -0.062216 0.872265 1
0.872194 -0.0116918 -0.489019 -28.4721 0.0411375 0.997925 0.0495121 0.939622 0.487426 -0.0633012 0.870865 1
0.869344 -0.0141376 -0.494005 -28.9123 0.0441002 0.997821 0.049051 0.966198 0.492235 -0.0644279 0.868073 1
0.866789 -0.0151471 -0.498444 -29.329 0.0450344 0.997831 0.0479915 0.992149 0.496636 -0.0640457 0.865591 1
0.864572 -0.0158833 -0.502258 -29.7417 0.0465416 0.997734 0.0485631 1.01596 0.500349 -0.0653621 0.863352 1
0.862276 -0.0156651 -0.506196 -30.1539 0.0469981 0.997683 0.0491834 1.04045 0.504253 -0.0661999 0.861013 1
0.860319 -0.0148389 -0.50954 -30.5498 0.0468409 0.997648 0.0500336 1.06451 0.507599 -0.0669122 0.85899 1
0.857916 -0.0144577 -0.513585 -30.9338 0.0476504 0.997534 0.0515163 1.08881 0.511574 -0.0686692 0.856489 1
0.85594 -0.0135112 -0.516899 -31.307 0.0475848 0.997474 0.0527234 1.11254 0.514881 -0.0697247 0.85442 1
0.854315 -0.0138027 -0.519573 -31.6744 0.0483528 0.997422 0.0530077 1.13365 0.517502 -0.070408 0.852779 1
0.852962 -0.0133275 -0.521802 -32.0201 0.0476174 0.997491 0.0523605 1.1482 0.519795 -0.0695084 0.851457 1
0.851795 -0.0150488 -0.523658 -32.3513 0.0478127 0.997648 0.0491031 1.16214 0.521687 -0.0668633 0.850511 1
0.850404 -0.0155151 -0.525901 -32.6821 0.0465713 0.99786 0.045869 1.17387 0.524064 -0.0634991 0.849306 1
0.849366 -0.0158147 -0.527567 -32.9941 0.0455254 0.99802 0.0433769 1.19198 0.525837 -0.0608606 0.848404 1
0.848676 -0.0156393 -0.528682 -33.2936 0.0450874 0.998063 0.042853 1.2014 0.526987 -0.0602052 0.847736 1
0.849122 -0.0142651 -0.528003 -33.5732 0.0432989 0.99815 0.0426652 1.2141 0.526418 -0.0590899 0.848168 1
0.850261 -0.0111392 -0.526243 -33.8376 0.0403049 0.998218 0.0439915 1.22312 0.524815 -0.0586145 0.849194 1
0.853359 -0.00707806 -0.521276 -34.1002 0.0363904 0.998277 0.0460183 1.23087 0.520052 -0.0582396 0.852145 1
0.856921 -0.00459861 -0.515427 -34.3281 0.0344567 0.998234 0.0483797 1.24184 0.514294 -0.0592175 0.855565 1
0.861002 -0.0022608 -0.508597 -34.5508 0.0328901 0.998144 0.0512426 1.25243 0.507537 -0.0608478 0.859477 1
0.866214 -0.00180777 -0.49967 -34.7501 0.0326856 0.998056 0.0530518 1.26575 0.498603 -0.0622862 0.864588 1
0.871772 -0.0018355 -0.489908 -34.9371 0.0329737 0.997944 0.0549363 1.2717 0.4888 -0.064046 0.87004 1
0.877679 -0.00228338 -0.479242 -35.1047 0.0327087 0.997941 0.0551476 1.28206 0.47813 -0.0640773 0.875947 1
0.885456 -0.00176014 -0.46472 -35.2651 0.0313231 0.997944 0.0559017 1.27998 0.463666 -0.064055 0.88369 1
0.893711 -0.0028239 -0.448634 -35.4051 0.0307813 0.998009 0.0550366 1.28134 0.447585 -0.0629964 0.892018 1
0.902782 -0.0039775 -0.430079 -35.538 0.030184 0.998077 0.0541289 1.2818 0.429037 -0.0618482 0.901165 1
0.913251 -0.00617444 -0.407351 -35.6581 0.0306634 0.99809 0.0536163 1.2909 0.406242 -0.0614559 0.911695 1
0.923342 -0.00669457 -0.38392 -35.7593 0.0301478 0.998025 0.0551036 1.2971 0.382793 -0.0624539 0.921719 1
0.93402 -0.00749963 -0.357143 -35.8549 0.0294047 0.998 0.0559438 1.30449 0.356009 -0.0627543 0.932371 1
0.945415 -0.00809985 -0.325769 -35.9337 0.0284768 0.997919 0.0578305 1.30804 0.324623 -0.0639507 0.943678 1
0.956337 -0.00846141 -0.292142 -35.9942 0.0272722 0.997802 0.0603767 1.30953 0.29099 -0.0657079 0.954466 1
0.966769 -0.00883398 -0.255501 -36.0431 0.0255684 0.997732 0.0622493 1.31546 0.254372 -0.0667134 0.964801 1
0.97634 -0.00741844 -0.216113 -36.0893 0.021603 0.997757 0.0633466 1.3204 0.215158 -0.0665165 0.97431 1
0.985042 -0.00473714 -0.172251 -36.1193 0.0160981 0.997779 0.0646186 1.33294 0.171563 -0.0664249 0.98293 1
0.991842 -0.00150961 -0.127465 -36.135 0.00981644 0.997864 0.064566 1.34405 0.127096 -0.0652905 0.989738 1
0.99687 -0.00122391 -0.0790547 -36.1392 0.00649564 0.997767 0.0664614 1.35832 0.0787973 -0.0667669 0.994651 1
0.99946 -0.00159614 -0.0328115 -36.1194 0.00378216 0.997767 0.0666688 1.36799 0.0326323 -0.0667569 0.997234 1
0.999894 -0.00166389 0.0144573 -36.0986 0.000706332 0.997819 0.0659906 1.37335 -0.014535 -0.0659735 0.997714 1
0.997993 -0.000856289 0.0633206 -36.0496 -0.00310505 0.998043 0.0624359 1.3826 -0.0632496 -0.0625072 0.996037 1
0.993622 0.00279851 0.112732 -35.9951 -0.00956188 0.998182 0.0594995 1.38836 -0.11236 -0.0601979 0.991841 1
0.986556 0.0087331 0.163193 -35.9187 -0.0180243 0.998293 0.0555406 1.39963 -0.162429 -0.0577353 0.985028 1
0.975937 0.0127285 0.217682 -35.8276 -0.0245401 0.998363 0.0516441 1.42067 -0.216668 -0.0557433 0.974651 1
0.963091 0.0139296 0.268815 -35.7048 -0.0282504 0.998375 0.0494795 1.43034 -0.267688 -0.0552474 0.961919 1
0.947589 0.0128724 0.319234 -35.5648 -0.0303866 0.998289 0.0499436 1.43345 -0.318044 -0.0570264 0.946358 1
0.928174 0.0130641 0.371918 -35.4277 -0.0342533 0.998139 0.050423 1.44946 -0.370566 -0.0595407 0.926894 1
0.905788 0.0130944 0.423528 -35.2609 -0.0380141 0.998002 0.0504441 1.4596 -0.422021 -0.0617917 0.904476 1
0.879743 0.0117718 0.475304 -35.0676 -0.0401887 0.997956 0.0496694 1.47335 -0.473747 -0.0627981 0.878418 1
0.851053 0.0093754 0.524996 -34.85 -0.0424203 0.997799 0.0509476 1.47407 -0.523362 -0.0656296 0.849578 1
0.820199 0.00982326 0.571994 -34.6171 -0.0466381 0.997672 0.0497421 1.48542 -0.570173 -0.0674752 0.818747 1
0.786763 0.0141059 0.617094 -34.3734 -0.0524678 0.997648 0.0440889 1.48997 -0.61502 -0.0670651 0.785653 1
0.751715 0.018485 0.659229 -34.1082 -0.0564166 0.997744 0.0363545 1.50335 -0.657069 -0.0645196 0.751063 1
0.719795 0.0184582 0.693941 -33.8123 -0.0572844 0.997815 0.0328776 1.51519 -0.691818 -0.0634171 0.71928 1
0.691002 0.0158837 0.722678 -33.5025 -0.053541 0.998136 0.0292564 1.52238 -0.720866 -0.0589092 0.690564 1
0.666193 0.0132185 0.745663 -33.1775 -0.050406 0.998354 0.0273359 1.52102 -0.744073 -0.0557969 0.665762 1
0.642173 0.014039 0.766432 -32.8538 -0.0522379 0.998309 0.0254824 1.52918 -0.764777 -0.0564009 0.64182 1
0.619374 0.0128692 0.78499 -32.5022 -0.0519394 0.998346 0.0246144 1.54158 -0.783374 -0.0560174 0.619018 1
0.597737 0.0119026 0.801604 -32.137 -0.0562844 0.998045 0.0271506 1.55756 -0.799712 -0.0613468 0.597239 1
0.577198 0.0103141 0.816539 -31.7377 -0.0584106 0.99788 0.0286849 1.57783 -0.814511 -0.0642515 0.576577 1
0.558157 0.00659097 0.829709 -31.3289 -0.0543627 0.998109 0.0286419 1.58876 -0.827951 -0.0610919 0.55746 1
0.539689 0.00275385 0.84186 -30.8989 -0.0487155 0.99842 0.0279641 1.58988 -0.840452 -0.0561036 0.538971 1
0.525222 0.00115193 0.850964 -30.4475 -0.0449527 0.998639 0.0263934 1.59213 -0.849776 -0.0521156 0.524559 1
0.511491 0.00518482 0.859273 -29.9841 -0.0432891 0.998867 0.0197412 1.62193 -0.858196 -0.0472946 0.511136 1
0.501243 0.0132971 0.865205 -29.502 -0.0507619 0.998611 0.0140608 1.65291 -0.863815 -0.0509673 0.501221 1
0.493846 0.0131808 0.86945 -28.9852 -0.0501388 0.998652 0.0133393 1.66677 -0.868102 -0.0501807 0.493841 1
0.492067 0.00948942 0.870506 -28.4615 -0.0498727 0.998605 0.0173055 1.6689 -0.869127 -0.0519299 0.491853 1
0.49055 0.00829983 0.871374 -27.9272 -0.0488922 0.998641 0.0180124 1.68314 -0.870039 -0.0514393 0.490289 1
0.490705 0.0100506 0.871268 -27.4024 -0.0495527 0.998636 0.0163887 1.69714 -0.869914 -0.0512157 0.490534 1
0.490867 0.0136071 0.871128 -26.8714 -0.0534115 0.998466 0.0145005 1.71026 -0.869595 -0.0536461 0.490841 1
0.489993 0.013766 0.871618 -26.3276 -0.0501524 0.998664 0.0124216 1.72336 -0.870281 -0.0498002 0.490029 1
0.490562 0.0113717 0.871332 -25.741 -0.0432467 0.999 0.0113102 1.7313 -0.870331 -0.0432306 0.490563 1
0.490619 0.011459 0.871299 -25.139 -0.0415424 0.999083 0.0102525 1.74607 -0.870382 -0.0412259 0.490645 1
0.490694 0.0131502 0.871233 -24.5015 -0.0431505 0.999025 0.00922407 1.76666 -0.870262 -0.0421204 0.490783 1
0.489628 0.00996106 0.871875 -23.8586 -0.0411637 0.999083 0.0117024 1.75811 -0.870958 -0.0416194 0.489589 1
0.488807 0.00775575 0.872358 -23.1953 -0.0389189 0.999158 0.0129243 1.76398 -0.871522 -0.0402687 0.488697 1
0.488893 0.00687673 0.872317 -22.5481 -0.0394374 0.99912 0.0142265 1.76555 -0.871451 -0.0413572 0.488734 1
0.488881 0.0045096 0.872339 -21.9107 -0.0371979 0.999184 0.0156813 1.76584 -0.871556 -0.0401154 0.48865 1
0.487961 0.00102429 0.872865 -21.2546 -0.0331 0.999301 0.0173314 1.76712 -0.872236 -0.0373489 0.487654 1
0.485365 0.00198241 0.874309 -20.5754 -0.0343675 0.999267 0.0168131 1.78215 -0.873635 -0.0382084 0.485077 1
0.48369 0.00366422 0.875232 -19.8821 -0.0363255 0.999213 0.0158918 1.79079 -0.874484 -0.0394799 0.483443 1
0.482236 0.0102778 0.875981 -19.188 -0.0429878 0.999003 0.0119441 1.7898 -0.874985 -0.0434164 0.482197 1
0.480141 0.0168052 0.87703 -18.4978 -0.0481412 0.998814 0.00721675 1.79231 -0.875868 -0.0456864 0.480381 1
0.478713 0.020877 0.877723 -17.7781 -0.0510986 0.998684 0.00411527 1.79676 -0.876482 -0.0468205 0.47915 1
0.476516 0.0239291 0.87884 -17.0887 -0.055696 0.998442 0.00301331 1.80669 -0.877398 -0.0503837 0.477107 1
0.474901 0.0240398 0.879711 -16.4113 -0.0593424 0.998226 0.00475681 1.80563 -0.878035 -0.0544632 0.475485 1
0.473567 0.0210652 0.880506 -15.7515 -0.060193 0.99815 0.00849422 1.80577 -0.878697 -0.0570229 0.473959 1
0.473124 0.019105 0.880789 -15.0783 -0.0618288 0.998019 0.0115641 1.81536 -0.878823 -0.0599293 0.473368 1
0.470746 0.0208034 0.882023 -14.4058 -0.0615643 0.998059 0.00931744 1.82717 -0.880117 -0.0586873 0.471113 1
0.470552 0.0251198 0.882015 -13.73 -0.0601855 0.99818 0.00368066 1.80771 -0.880316 -0.0548165 0.471207 1
0.470843 0.0329855 0.8816 -13.0388 -0.0591108 0.998234 -0.00577959 1.79019 -0.880233 -0.0493908 0.471961 1
0.46935 0.0374973 0.882216 -12.3369 -0.0583003 0.998233 -0.0114119 1.78228 -0.881084 -0.0460773 0.470706 1
0.470345 0.0333488 0.881852 -11.6442 -0.056252 0.998386 -0.00775305 1.7777 -0.880687 -0.0459593 0.471462 1
0.470784 0.0280921 0.881801 -10.936 -0.0513542 0.99867 -0.00439782 1.78066 -0.880752 -0.0432138 0.4716 1
0.467705 0.0277072 0.88345 -10.231 -0.0524616 0.998616 -0.00354551 1.77391 -0.882325 -0.044689 0.468511 1
0.466978 0.0297066 0.88377 -9.52017 -0.0538669 0.998534 -0.00510132 1.76636 -0.882626 -0.0452238 0.467894 1
0.463776 0.0328335 0.885344 -8.83144 -0.0561955 0.99839 -0.00758856 1.75719 -0.884167 -0.0462329 0.464875 1
0.461444 0.0329313 0.886558 -8.13818 -0.0578703 0.998299 -0.00696103 1.73901 -0.885279 -0.0480933 0.462565 1
0.456726 0.0334775 0.888977 -7.44311 -0.0582058 0.998274 -0.00768935 1.7254 -0.8877 -0.0482317 0.457886 1
0.45539 0.0341907 0.889635 -6.75426 -0.0579696 0.99828 -0.00869238 1.70362 -0.888401 -0.0476134 0.456589 1
0.453991 0.0341614 0.890351 -6.08015 -0.0586041 0.998245 -0.00841881 1.68298 -0.889076 -0.0483562 0.455196 1
0.451657 0.0338253 0.89155 -5.41778 -0.0609533 0.998115 -0.00698948 1.66956 -0.890106 -0.051186 0.452868 1
0.44958 0.0336179 0.892607 -4.74036 -0.0635162 0.997964 -0.00559465 1.65966 -0.890978 -0.0541798 0.4508 1
0.446506 0.0344441 0.894117 -4.0719 -0.065491 0.997836 -0.00573457 1.65818 -0.892379 -0.0559961 0.447796 1
0.445458 0.035528 0.894597 -3.41189 -0.0654804 0.997828 -0.00702223 1.65282 -0.892904 -0.0554505 0.446817 1
0.443373 0.0347852 0.895662 -2.75879 -0.0645734 0.997889 -0.0067901 1.64119 -0.894007 -0.0548254 0.444683 1
0.442166 0.0335933 0.896304 -2.10392 -0.064512 0.9979 -0.00557587 1.62836 -0.894609 -0.0553569 0.443405 1
0.44036 0.0331626 0.897208 -1.44877 -0.0668017 0.997757 -0.00409205 1.61323 -0.895331 -0.0581331 0.441588 1
0.438236 0.0326455 0.898267 -0.798541 -0.067505 0.997713 -0.00332611 1.60623 -0.89632 -0.0591799 0.439437 1
0.435866 0.0324037 0.899428 -0.148551 -0.0685567 0.997643 -0.00271922 1.60002 -0.897395 -0.0604766 0.43706 1
0.433224 0.0305258 0.900769 0.493368 -0.0708684 0.997485 0.000280793 1.57443 -0.898494 -0.0639578 0.434298 1
0.431786 0.0288615 0.901514 1.12557 -0.0701578 0.997534 0.00166705 1.54794 -0.899242 -0.0639681 0.432746 1
0.429221 0.0287911 0.90274 1.74388 -0.0683353 0.997661 0.000672679 1.52645 -0.900609 -0.0619778 0.430185 1
0.429064 0.0286186 0.90282 2.37023 -0.066688 0.997773 6.48659e-05 1.50185 -0.900808 -0.0602351 0.430017 1
0.428865 0.0294961 0.902887 2.98018 -0.0654732 0.997852 -0.00149919 1.48721 -0.900991 -0.058472 0.429875 1
0.428587 0.0267925 0.903103 3.57834 -0.0613438 0.998116 -0.000499125 1.45857 -0.901414 -0.0551859 0.429423 1
0.428339 0.0229071 0.903327 4.20266 -0.0571814 0.998361 0.00179729 1.43266 -0.901805 -0.0524234 0.428947 1
0.42787 0.0192853 0.903634 4.78832 -0.0544663 0.998505 0.0044797 1.41041 -0.902196 -0.0511343 0.428281 1
0.427445 0.017616 0.903869 5.40219 -0.054276 0.998506 0.006207 1.39373 -0.902409 -0.0517116 0.427762 1
0.42681 0.0155257 0.904207 5.99462 -0.0526675 0.998581 0.00771439 1.37402 -0.902805 -0.050915 0.427022 1
0.425476 0.0173021 0.904804 6.59646 -0.0557078 0.998421 0.00710382 1.39318 -0.903252 -0.0534272 0.425768 1
0.423046 0.0180612 0.905928 7.18616 -0.0570153 0.99835 0.00672091 1.39184 -0.904311 -0.054495 0.423378 1
0.417747 0.0238875 0.908249 7.77994 -0.0668445 0.997752 0.00450351 1.40218 -0.906099 -0.0625928 0.418404 1
0.411956 0.026925 0.910805 8.39479 -0.0711148 0.997463 0.00267839 1.40182 -0.908423 -0.0658752 0.412826 1
0.405626 0.0281921 0.913604 9.00009 -0.0669593 0.997754 -0.00105996 1.39184 -0.911581 -0.0607444 0.406603 1
0.398819 0.0286339 0.916582 9.59004 -0.0633552 0.997983 -0.00361007 1.38106 -0.914837 -0.0566305 0.399829 1
0.3921 0.0310655 0.919397 10.1642 -0.0624594 0.998021 -0.00708476 1.38831 -0.917798 -0.0546472 0.393264 1
0.385483 0.0356574 0.922025 10.7304 -0.0682987 0.997613 -0.0100261 1.40131 -0.920182 -0.0591083 0.386998 1
0.379597 0.0355436 0.924468 11.2925 -0.0691329 0.997557 -0.00996691 1.40072 -0.922563 -0.0601278 0.381127 1
0.373968 0.0367349 0.926713 11.8474 -0.0711486 0.997406 -0.0108257 1.40296 -0.924707 -0.0618859 0.375611 1
0.369507 0.0380826 0.928447 12.4122 -0.072205 0.997314 -0.012171 1.39998 -0.926417 -0.0625414 0.371264 1
0.366726 0.0377795 0.929561 12.9825 -0.0742686 0.997174 -0.0112274 1.40848 -0.927358 -0.0649199 0.368495 1
0.363923 0.0353419 0.930757 13.5738 -0.0751831 0.997133 -0.00846595 1.39987 -0.928388 -0.0668964 0.365537 1
0.362525 0.0313266 0.931447 14.1556 -0.0749816 0.997174 -0.00435384 1.37982 -0.928951 -0.0682631 0.363849 1
0.360835 0.0284855 0.932194 14.7476 -0.0761604 0.997094 -0.00098844 1.35609 -0.929513 -0.0706397 0.361956 1
0.359361 0.0281576 0.932773 15.3673 -0.0737706 0.997273 -0.00168374 1.32399 -0.930276 -0.0682062 0.360458 1
0.357274 0.0279229 0.933582 16.0113 -0.068868 0.997618 -0.00348306 1.30613 -0.931456 -0.0630496 0.358346 1
0.355755 0.0303913 0.934084 16.6385 -0.0659796 0.997793 -0.00733515 1.30447 -0.932246 -0.0590211 0.356975 1
0.353524 0.0331359 0.934838 17.2852 -0.066436 0.997737 -0.0102416 1.31609 -0.933062 -0.0584862 0.354925 1
0.352206 0.0323203 0.935364 17.965 -0.0671487 0.997699 -0.00918983 1.31079 -0.933509 -0.0595718 0.353566 1
0.351529 0.027689 0.935767 18.6213 -0.0671915 0.99773 -0.00428138 1.2967 -0.933761 -0.0613706 0.352591 1
0.350515 0.0246557 0.936232 19.2659 -0.0614958 0.998101 -0.00326168 1.28969 -0.934534 -0.0564312 0.351365 1
0.349312 0.025012 0.936672 19.9014 -0.0608296 0.998139 -0.0039682 1.28389 -0.935028 -0.0555913 0.350184 1
0.347524 0.0266067 0.937293 20.5183 -0.0613606 0.998099 -0.00558183 1.27471 -0.935659 -0.0555731 0.348496 1
0.345102 0.0265641 0.938188 21.1344 -0.0589115 0.99824 -0.00659445 1.26085 -0.936713 -0.0529944 0.34606 1
0.342678 0.0266922 0.939073 21.7479 -0.0565805 0.998367 -0.00773076 1.24478 -0.937746 -0.0504841 0.343629 1
0.340108 0.0253953 0.940043 22.3819 -0.0537991 0.998522 -0.0075106 1.22894 -0.938844 -0.0480191 0.340971 1
0.337762 0.0240339 0.940924 23.0266 -0.0523682 0.998604 -0.00670869 1.21075 -0.939771 -0.0470086 0.33855 1
0.336337 0.0253183 0.9414 23.6445 -0.0534279 0.99854 -0.00776667 1.20743 -0.940223 -0.0476849 0.337199 1
0.335699 0.0281851 0.941547 24.2965 -0.056894 0.998333 -0.0096 1.2037 -0.940248 -0.0503457 0.336743 1
0.336431 0.0290624 0.941259 24.9254 -0.0581365 0.998257 -0.0100428 1.20629 -0.93991 -0.0513429 0.337534 1
0.335355 0.0317577 0.941556 25.5947 -0.0628809 0.997956 -0.0112636 1.21244 -0.939989 -0.0554286 0.336667 1
0.333904 0.0330489 0.942027 26.282 -0.067443 0.99766 -0.0110953 1.2198 -0.940189 -0.0598284 0.335352 1
0.332623 0.0338364 0.942452 26.9985 -0.0713641 0.997392 -0.0106221 1.22538 -0.940354 -0.0637242 0.334171 1
0.330777 0.0355215 0.943039 27.704 -0.0767226 0.996994 -0.010643 1.22918 -0.940583 -0.068832 0.332508 1
0.328304 0.0362652 0.943875 28.4023 -0.0787718 0.996832 -0.0109011 1.2306 -0.94128 -0.0707719 0.33012 1
0.326293 0.0357418 0.944592 29.1396 -0.0796278 0.996771 -0.0102102 1.21441 -0.941907 -0.0718844 0.328085 1
0.323768 0.03699 0.945412 29.8559 -0.0804675 0.99669 -0.0114392 1.21084 -0.942707 -0.0723714 0.325673 1
0.322787 0.0396532 0.94564 30.6 -0.08073 0.996633 -0.0142349 1.19788 -0.94302 -0.0717467 0.324901 1
0.321345 0.0408132 0.946081 31.3331 -0.0777495 0.996833 -0.0165943 1.18768 -0.943763 -0.0682249 0.323501 1
0.319978 0.0419159 0.946496 32.0897 -0.0762678 0.996917 -0.0183653 1.16834 -0.944348 -0.0663108 0.322188 1
0.319126 0.041353 0.946809 32.8555 -0.0739043 0.99709 -0.0186394 1.15836 -0.944825 -0.064025 0.321253 1
0.317845 0.0387496 0.94735 33.6117 -0.0705156 0.997362 -0.0171366 1.13636 -0.945515 -0.0613562 0.319739 1
0.318579 0.0355785 0.947228 34.3859 -0.0682987 0.997558 -0.0144982 1.11217 -0.945431 -0.0600757 0.320231 1
0.318063 0.0331121 0.94749 35.1406 -0.0673042 0.997656 -0.012272 1.08989 -0.945676 -0.0598669 0.319546 1
0.319546 0.029766 0.947102 35.912 -0.065262 0.997823 -0.00934115 1.06964 -0.945319 -0.0588249 0.320793 1
0.318672 0.0278878 0.947454 36.6867 -0.0677901 0.997676 -0.00656512 1.05486 -0.945436 -0.0621359 0.319823 1
0.319012 0.025023 0.94742 37.4692 -0.0685475 0.997641 -0.00326844 1.03745 -0.945267 -0.0639006 0.319974 1
0.319835 0.0262857 0.947108 38.2579 -0.0685486 0.997636 -0.00453943 1.03135 -0.944988 -0.063471 0.320881 1
0.320211 0.0338006 0.946742 39.0338 -0.0691888 0.997527 -0.0122125 1.04188 -0.944815 -0.0615934 0.321757 1
0.321267 0.0424046 0.946038 39.8001 -0.0684252 0.997424 -0.0214713 1.04761 -0.944512 -0.0578348 0.323341 1
0.320222 0.0487091 0.946088 40.6029 -0.0696062 0.997186 -0.0277803 1.04395 -0.94478 -0.0569578 0.322712 1
0.321337 0.0483622 0.945728 41.4181 -0.0694143 0.99721 -0.0274095 1.02697 -0.944415 -0.0568395 0.323798 1
0.317776 0.0449762 0.947098 42.2348 -0.0703992 0.997235 -0.0237364 0.988353 -0.945547 -0.0591321 0.320063 1
0.315795 0.0438994 0.94781 43.0267 -0.0715418 0.997185 -0.0223497 0.967059 -0.946125 -0.0607501 0.318047 1
0.313641 0.0445693 0.948494 43.8322 -0.0753272 0.996916 -0.0219359 0.942493 -0.946547 -0.0645675 0.316031 1
0.312816 0.0458727 0.948704 44.6078 -0.077153 0.996758 -0.0227566 0.928416 -0.946673 -0.0660768 0.315342 1
0.311021 0.0444393 0.949363 45.3703 -0.0740794 0.996999 -0.0224 0.925129 -0.94751 -0.0633614 0.313379 1
0.309216 0.0434126 0.949999 46.1561 -0.0730837 0.997086 -0.0217763 0.908599 -0.948177 -0.0626959 0.311488 1
0.308773 0.0444065 0.950098 46.9489 -0.0698113 0.997271 -0.0239233 0.899006 -0.948568 -0.0589407 0.311031 1
0.307281 0.0459056 0.95051 47.7371 -0.0664956 0.997428 -0.0266749 0.879268 -0.949291 -0.055008 0.309544 1
0.308196 0.0461842 0.9502 48.5135 -0.0642152 0.997551 -0.0276576 0.855442 -0.949151 -0.0524933 0.310407 1
0.306953 0.0442705 0.950693 49.2777 -0.0626391 0.997689 -0.0262346 0.852945 -0.949659 -0.0514978 0.309017 1
0.306519 0.044108 0.950841 50.051 -0.0635042 0.997646 -0.0258076 0.832394 -0.949742 -0.0524719 0.308599 1
0.304893 0.0460428 0.951272 50.8623 -0.0673087 0.997373 -0.026701 0.797727 -0.950003 -0.055888 0.307191 1
0.301826 0.0518937 0.951948 51.6833 -0.0695784 0.997052 -0.0322919 0.768222 -0.950819 -0.0564885 0.304547 1
0.301387 0.0566898 0.951814 52.49 -0.0719378 0.996736 -0.0365866 0.738541 -0.950782 -0.0574447 0.304482 1
0.29944 0.0575882 0.952374 53.2786 -0.0701195 0.996804 -0.0382282 0.701239 -0.951533 -0.055333 0.302521 1
0.297387 0.0562218 0.953099 54.0564 -0.0715482 0.996768 -0.0364732 0.656504 -0.95207 -0.0573459 0.300448 1
0.296423 0.0560267 0.953411 54.8141 -0.0732968 0.996666 -0.0357801 0.613183 -0.952238 -0.0592759 0.299541 1
0.294137 0.0582711 0.953984 55.5608 -0.0715384 0.99668 -0.038822 0.577061 -0.95308 -0.0568275 0.29733 1
0.293211 0.060976 0.9541 56.2962 -0.0736247 0.996439 -0.0410558 0.546569 -0.953207 -0.0582073 0.296657 1
0.291571 0.0641493 0.954394 57.0451 -0.0783956 0.995993 -0.0429953 0.518073 -0.953329 -0.0622841 0.295432 1
0.290394 0.0670977 0.95455 57.7675 -0.0831469 0.995533 -0.0446835 0.482914 -0.953286 -0.0663921 0.294676 1
0.288767 0.0673275 0.955027 58.5113 -0.0849873 0.995387 -0.0444756 0.419131 -0.953618 -0.0683221 0.293158 1
0.285101 0.0713283 0.955838 59.2593 -0.086852 0.995045 -0.0483485 0.373106 -0.954552 -0.0692323 0.289884 1
0.282753 0.0737389 0.956353 59.9899 -0.0901584 0.994668 -0.0500372 0.31751 -0.954944 -0.0720751 0.287893 1
0.27972 0.0742663 0.957203 60.7141 -0.0890587 0.99471 -0.051151 0.274325 -0.95594 -0.0709394 0.284855 1
0.276946 0.0730987 0.958099 61.4642 -0.0898809 0.994699 -0.0499104 0.216538 -0.95667 -0.0722925 0.282048 1
0.272867 0.074539 0.959158 62.2084 -0.0898768 0.994607 -0.0517252 0.169647 -0.957842 -0.072092 0.278095 1
0.270822 0.08031 0.959272 62.9167 -0.0934757 0.993996 -0.0568271 0.119596 -0.958078 -0.0742787 0.276703 1
0.269236 0.0866984 0.959162 63.6444 -0.0971798 0.9933 -0.0625059 0.0610526 -0.958157 -0.0763825 0.275857 1
0.265743 0.0879438 0.960023 64.3749 -0.093886 0.993455 -0.0650181 0.00977693 -0.959459 -0.0728546 0.272261 1
0.264323 0.0853567 0.960648 65.0905 -0.0931635 0.993675 -0.0626573 -0.0428862 -0.959922 -0.0729356 0.270604 1
0.259519 0.0804148 0.962383 65.8131 -0.094023 0.993895 -0.0576934 -0.0993617 -0.961148 -0.0755136 0.265496 1
0.259559 0.0797748 0.962425 66.5135 -0.0954361 0.993821 -0.0566388 -0.151786 -0.960998 -0.0771491 0.265569 1
0.257763 0.0817769 0.96274 67.2307 -0.097038 0.993563 -0.0584142 -0.210755 -0.961321 -0.0783653 0.26404 1
0.256028 0.0852568 0.962901 67.93 -0.0993123 0.99315 -0.0615288 -0.26453 -0.961552 -0.0798749 0.262742 1
0.251792 0.0885899 0.963717 68.6433 -0.0994991 0.992892 -0.0652756 -0.316517 -0.962651 -0.0794531 0.258817 1
0.249478 0.0907965 0.964113 69.3604 -0.0981955 0.992833 -0.0680918 -0.374669 -0.963387 -0.0776842 0.256606 1
0.24736 0.0947714 0.964276 70.0561 -0.0997343 0.992407 -0.071952 -0.427013 -0.963775 -0.0783735 0.254934 1
0.242705 0.0961177 0.965325 70.7576 -0.100506 0.992214 -0.0735254 -0.486703 -0.964877 -0.0791762 0.250476 1
0.242886 0.0935971 0.965527 71.469 -0.100452 0.992408 -0.0709334 -0.540883 -0.964837 -0.0797604 0.250445 1
0.241187 0.0896583 0.966326 72.1992 -0.0974289 0.992927 -0.067809 -0.612705 -0.965573 -0.0777935 0.248217 1
0.236171 0.0872098 0.967789 72.9029 -0.0976326 0.993052 -0.0656609 -0.671325 -0.966792 -0.0789806 0.243045 1
0.230723 0.0859644 0.969213 73.614 -0.097924 0.993082 -0.0647705 -0.731248 -0.968077 -0.0799652 0.237545 1
0.221607 0.0856367 0.971367 74.3369 -0.0966264 0.99316 -0.0655138 -0.793006 -0.970334 -0.0793414 0.228366 1
0.211564 0.0868068 0.9735 75.0316 -0.0960781 0.993068 -0.0676718 -0.841552 -0.972628 -0.0792152 0.218438 1
0.199882 0.0876649 0.975889 75.7417 -0.0943915 0.993078 -0.0698757 -0.905416 -0.97526 -0.0781488 0.206773 1
0.187594 0.0890616 0.978199 76.4343 -0.0938813 0.992945 -0.0724002 -0.965679 -0.977747 -0.0782528 0.194632 1
0.175263 0.0873395 0.980638 77.1432 -0.0916656 0.993176 -0.0720734 -1.04081 -0.980242 -0.0772591 0.182073 1
0.165408 0.0872356 0.982358 77.8458 -0.091064 0.993174 -0.0728629 -1.10473 -0.982009 -0.0774054 0.172223 1
0.156435 0.0848757 0.984033 78.5448 -0.0890878 0.99345 -0.0715254 -1.17617 -0.98366 -0.0764764 0.162972 1
0.146585 0.084244 0.985602 79.2264 -0.0871525 0.99359 -0.0719649 -1.23233 -0.985349 -0.0753488 0.152988 1
0.139007 0.0838793 0.986731 79.9113 -0.0866308 0.993614 -0.0722602 -1.28669 -0.986492 -0.0754367 0.145386 1
0.133306 0.0861049 0.987326 80.5885 -0.0886747 0.993257 -0.0746496 -1.3332 -0.987097 -0.0775998 0.140042 1
0.131178 0.0813362 0.988015 81.2618 -0.0865528 0.99376 -0.0703176 -1.39467 -0.98757 -0.0762915 0.137399 1
0.129231 0.0783545 0.988512 81.9233 -0.082416 0.994271 -0.0680365 -1.43684 -0.988181 -0.072677 0.134948 1
0.129244 0.0743268 0.988822 82.595 -0.0785488 0.994818 -0.0645109 -1.49317 -0.988494 -0.0693332 0.134412 1
0.12751 0.0730304 0.989143 83.2663 -0.0765093 0.995036 -0.0636027 -1.5412 -0.988879 -0.0675687 0.132465 1
0.130093 0.0769788 0.988507 83.9394 -0.0766636 0.994775 -0.0673776 -1.60034 -0.988531 -0.0670173 0.135315 1
0.133834 0.0785784 0.987882 84.6141 -0.0756306 0.994752 -0.0688788 -1.66277 -0.988111 -0.0654959 0.139075 1
0.13564 0.0790089 0.987601 85.2723 -0.0736811 0.994857 -0.0694698 -1.70924 -0.988012 -0.0633447 0.140764 1
0.139243 0.0773122 0.987234 85.9134 -0.0718321 0.995108 -0.0677974 -1.76336 -0.987647 -0.0614749 0.144115 1
0.145168 0.0748312 0.986571 86.547 -0.0698378 0.995421 -0.0652263 -1.81195 -0.986936 -0.0594313 0.14973 1
0.151037 0.0743903 0.985723 87.1735 -0.0673623 0.995619 -0.0648156 -1.86441 -0.986228 -0.0566111 0.155387 1
0.15643 0.0771427 0.98467 87.8059 -0.0647563 0.995599 -0.0677114 -1.91116 -0.985561 -0.0531716 0.160737 1
0.161688 0.0773219 0.983806 88.4211 -0.0616509 0.995767 -0.0681298 -1.96564 -0.984912 -0.0496369 0.165771 1
0.169207 0.0780317 0.982485 89.0512 -0.0619565 0.995729 -0.0684132 -2.0109 -0.983629 -0.0492953 0.173319 1
0.17572 0.0766227 0.981452 89.635 -0.0587321 0.996004 -0.0672434 -2.05144 -0.982684 -0.0458268 0.179518 1
0.182564 0.0759825 0.980252 90.2412 -0.0588853 0.996062 -0.0662411 -2.098 -0.981426 -0.0456292 0.18632 1
0.187163 0.0763654 0.979355 90.8263 -0.0605148 0.995974 -0.0660965 -2.14284 -0.980461 -0.0468947 0.19103 1
0.190005 0.0745609 0.978946 91.3969 -0.0599159 0.996132 -0.0642408 -2.19237 -0.979951 -0.0464484 0.193737 1
0.194841 0.0714486 0.978227 91.959 -0.058204 0.996426 -0.0611849 -2.23705 -0.979104 -0.0450155 0.198303 1
0.201208 0.0675382 0.977216 92.5305 -0.0562544 0.996768 -0.0573068 -2.28878 -0.977929 -0.0434422 0.204357 1
0.207156 0.0664542 0.976046 93.0927 -0.0571638 0.996805 -0.0557352 -2.33239 -0.976634 -0.0442486 0.210293 1
0.214 0.0683348 0.974439 93.6524 -0.0610936 0.996531 -0.0564671 -2.37359 -0.974919 -0.0474481 0.217433 1
0.219008 0.0701821 0.973194 94.2206 -0.0605818 0.996461 -0.0582267 -2.42017 -0.973838 -0.0462059 0.222485 1
0.228044 0.071307 0.971034 94.7887 -0.064084 0.996249 -0.0581088 -2.47162 -0.971537 -0.0489765 0.231758 1
0.235835 0.071328 0.96917 95.3401 -0.0649445 0.996227 -0.057516 -2.51473 -0.969618 -0.0493781 0.239578 1
0.250061 0.0714398 0.965589 95.8975 -0.0681535 0.996097 -0.0560471 -2.55357 -0.965826 -0.0517932 0.253955 1
0.262273 0.0693671 0.962495 96.4592 -0.0664237 0.996342 -0.0537066 -2.59209 -0.962702 -0.0498468 0.265921 1
0.276945 0.06574 0.958632 97.0114 -0.0653517 0.996633 -0.0494662 -2.63963 -0.958658 -0.0489489 0.280309 1
0.290767 0.0654321 0.954552 97.5536 -0.0634798 0.996777 -0.0489899 -2.66578 -0.954683 -0.0463502 0.293984 1
0.307558 0.0636858 0.949394 98.0805 -0.0612079 0.997013 -0.0470518 -2.69982 -0.949556 -0.0436394 0.310537 1
0.326643 0.0616256 0.943135 98.6398 -0.0587215 0.997265 -0.0448251 -2.7441 -0.943319 -0.0407406 0.329369 1
0.347733 0.0613119 0.935585 99.1549 -0.0594354 0.997291 -0.0432652 -2.76907 -0.935705 -0.0405622 0.350436 1
0.373339 0.0621299 0.92561 99.6664 -0.0642826 0.997086 -0.0409997 -2.80065 -0.925462 -0.0441939 0.376246 1
0.394925 0.0632115 0.916534 100.159 -0.0668804 0.996959 -0.0399402 -2.83543 -0.916273 -0.0455248 0.397952 1
0.418415 0.0664123 0.905823 100.631 -0.0723413 0.996589 -0.0396514 -2.86536 -0.905368 -0.0489378 0.421792 1
0.440253 0.068834 0.895229 101.129 -0.0780637 0.996213 -0.0382087 -2.89975 -0.894471 -0.0530634 0.44396 1
0.458505 0.0696953 0.885953 101.576 -0.0827715 0.995933 -0.0355106 -2.92591 -0.884826 -0.05705 0.462409 1
0.47093 0.0711386 0.879296 102.051 -0.0892351 0.995469 -0.0327454 -2.94806 -0.877643 -0.0630434 0.475145 1
0.473939 0.0736656 0.877469 102.509 -0.0979536 0.994717 -0.0306022 -2.96611 -0.87509 -0.0714478 0.478652 1
0.469101 0.0724823 0.880163 102.988 -0.101396 0.994453 -0.0278532 -2.99015 -0.877301 -0.0761792 0.473849 1
0.460285 0.0711284 0.884915 103.463 -0.103282 0.994304 -0.0261992 -3.01155 -0.88174 -0.0793369 0.46501 1
0.44898 0.0683406 0.890922 103.94 -0.102037 0.994467 -0.0248619 -3.03714 -0.887694 -0.0797445 0.45347 1
0.440225 0.0670471 0.895379 104.427 -0.101083 0.994566 -0.0247756 -3.06144 -0.892177 -0.079601 0.444611 1
0.43163 0.064938 0.899708 104.898 -0.0996762 0.994728 -0.0239772 -3.09449 -0.896524 -0.0793304 0.435827 1
0.420002 0.0647836 0.905206 105.38 -0.100849 0.9946 -0.0243887 -3.11809 -0.901899 -0.0810464 0.424268 1
0.407517 0.0643646 0.910924 105.842 -0.102385 0.994441 -0.0244624 -3.14111 -0.907437 -0.0832961 0.411842 1
0.39494 0.0627212 0.916561 106.294 -0.100971 0.994583 -0.0245528 -3.16699 -0.913138 -0.0828491 0.399135 1
0.38294 0.0603151 0.9218 106.761 -0.0987765 0.994816 -0.0240584 -3.19134 -0.918474 -0.0818395 0.386913 1
0.371531 0.056815 0.926678 107.229 -0.0965639 0.995074 -0.0222932 -3.22158 -0.923382 -0.0812012 0.375188 1
0.360503 0.0566756 0.931033 107.683 -0.0981915 0.994909 -0.0225436 -3.24007 -0.927572 -0.0832926 0.364233 1
0.349505 0.055549 0.935284 108.14 -0.0988378 0.994854 -0.0221525 -3.26669 -0.931704 -0.0846992 0.353197 1
0.338195 0.0542286 0.93951 108.617 -0.097069 0.99502 -0.0224908 -3.29017 -0.936053 -0.0835913 0.341776 1
0.329049 0.05347 0.942796 109.092 -0.0972595 0.995002 -0.0224859 -3.32123 -0.939288 -0.0842971 0.332606 1
0.319955 0.054765 0.945846 109.575 -0.099081 0.994785 -0.0240821 -3.34899 -0.942234 -0.0860104 0.323713 1
0.311899 0.0574836 0.948372 110.058 -0.108699 0.99377 -0.0244867 -3.37336 -0.943874 -0.0954497 0.316205 1
