1 -5.20981e-09 -3.29211e-10 -4.98224e-11 5.20981e-09 1 -6.84693e-10 6.69946e-11 3.29211e-10 6.84693e-10 1 1
0.99998 -0.0062502 -7.02668e-05 0.489238 0.00624998 0.999977 -0.00273184 -0.00360242 8.73398e-05 0.00273135 0.999996 1
0.999874 -0.0157731 -0.00154935 0.970631 0.0157673 0.999869 -0.003741 0.00590007 0.00160815 0.0037161 0.999992 1
0.99964 -0.0266845 -0.00284314 1.46474 0.0266704 0.999632 -0.00491565 0.0135468 0.00297326 0.00483806 0.999984 1
0.999301 -0.0371768 -0.00386057 1.955 0.0371507 0.999288 -0.00662352 0.025686 0.00410406 0.00647547 0.999971 1
0.998854 -0.0477079 -0.0039269 2.45368 0.0476607 0.998799 -0.0113437 0.0463315 0.00446338 0.0111436 0.999928 1
0.998294 -0.05827 -0.00377962 2.97876 0.0582127 0.998209 -0.0138164 0.073128 0.00457793 0.0135728 0.999897 1
0.997772 -0.0666543 -0.00269326 3.49875 0.0666051 0.99766 -0.0154434 0.102582 0.00371633 0.0152297 0.999877 1
0.997124 -0.0757535 -0.00216168 4.04179 0.0757083 0.996996 -0.0163614 0.146285 0.00339462 0.0161507 0.999864 1
0.996503 -0.0835044 -0.0030959 4.58244 0.0834429 0.996377 -0.0164197 0.187033 0.0044558 0.016104 0.99986 1
0.995603 -0.093501 -0.00561028 5.13832 0.0934003 0.995498 -0.0161158 0.239085 0.00709187 0.0155209 0.999854 1
0.994748 -0.102066 -0.00762167 5.70147 0.10194 0.99467 -0.0154717 0.293403 0.00916019 0.0146135 0.999851 1
0.993891 -0.11026 -0.00482114 6.26356 0.110183 0.993813 -0.0139959 0.363251 0.0063345 0.0133792 0.99989 1
0.993014 -0.117993 0.00136592 6.87347 0.118001 0.992945 -0.0116773 0.441537 2.15515e-05 0.0117569 0.999931 1
0.992291 -0.123432 0.0111193 7.49745 0.123543 0.992289 -0.00995442 0.511 -0.00980492 0.0112514 0.999889 1
0.99134 -0.130046 0.0182391 8.1487 0.130221 0.991447 -0.00872316 0.600817 -0.0169487 0.0110227 0.999796 1
0.990396 -0.137077 0.0180607 8.79819 0.137236 0.990507 -0.00785234 0.693932 -0.0168128 0.0102555 0.999806 1
0.98956 -0.143708 0.0109083 9.44058 0.143788 0.989584 -0.00696514 0.787806 -0.00979374 0.0084609 0.999916 1
0.988514 -0.150989 0.0065578 10.1205 0.15104 0.988495 -0.00809475 0.89598 -0.00526013 0.00899225 0.999946 1
0.987419 -0.157887 0.00868877 10.789 0.157971 0.987394 -0.00991068 0.989016 -0.00701447 0.0111586 0.999913 1
0.986269 -0.164273 0.016936 11.5198 0.164459 0.986331 -0.0101933 1.10045 -0.01503 0.0128386 0.999805 1
0.985123 -0.170289 0.0231215 12.2325 0.170563 0.985292 -0.010425 1.21393 -0.0210062 0.0142136 0.999678 1
0.983802 -0.177371 0.0259192 12.9915 0.177699 0.984024 -0.0109263 1.34592 -0.0235671 0.0153551 0.999604 1
0.982625 -0.183908 0.0249956 13.7466 0.184275 0.982786 -0.0132149 1.47121 -0.022135 0.0175914 0.9996 1
0.981735 -0.188771 0.023689 14.5104 0.189132 0.981852 -0.0140138 1.61464 -0.0206136 0.0182381 0.999621 1
0.980686 -0.19459 0.0197346 15.3171 0.194867 0.98074 -0.0132335 1.77512 -0.0167794 0.0168235 0.999718 1
0.979863 -0.199063 0.0155371 16.1057 0.199314 0.979792 -0.0167552 1.93651 -0.0118878 0.0195146 0.999739 1
0.978809 -0.204478 0.010968 16.942 0.204661 0.978639 -0.0194975 2.10547 -0.0067469 0.0213291 0.99975 1
0.977869 -0.20909 0.0072383 17.726 0.209192 0.977688 -0.0190974 2.27349 -0.00308372 0.020189 0.999791 1
0.976458 -0.215614 0.00631369 18.5184 0.215696 0.976286 -0.0184772 2.43894 -0.00218001 0.0194041 0.999809 1
0.975333 -0.220604 0.00763423 19.2864 0.220715 0.975135 -0.0199194 2.61369 -0.00305008 0.0211131 0.999772 1
0.974196 -0.225613 0.00632882 20.0599 0.225695 0.973997 -0.0197988 2.79032 -0.00169738 0.0207163 0.999784 1
0.973096 -0.23036 0.00420458 20.867 0.230398 0.972935 -0.0176937 2.98681 -1.48721e-05 0.0181864 0.999834 1
0.972069 -0.234669 0.00332592 21.6594 0.234692 0.971956 -0.014875 3.18655 0.000258078 0.0152401 0.999884 1
0.970719 -0.240174 0.00438494 22.4224 0.240212 0.970626 -0.0135143 3.37291 -0.00101036 0.0141719 0.999899 1
0.969219 -0.246139 0.00542691 23.168 0.246189 0.96914 -0.0125378 3.55953 -0.00217338 0.013488 0.999906 1
0.967807 -0.251578 0.00754987 23.9216 0.251658 0.967732 -0.0127629 3.75144 -0.00409538 0.014252 0.99989 1
0.966021 -0.258283 0.00965043 24.6631 0.258391 0.965959 -0.0125044 3.94879 -0.00609226 0.0145731 0.999875 1
0.964458 -0.263909 0.0130698 25.4266 0.264067 0.964425 -0.0123305 4.1594 -0.00935067 0.0153436 0.999838 1
0.962899 -0.269453 0.014821 26.2946 0.269629 0.962896 -0.0114924 4.40773 -0.0111744 0.0150622 0.999824 1
0.961575 -0.274063 0.0161801 27.1512 0.274288 0.961547 -0.0138711 4.65864 -0.0117563 0.0177761 0.999772 1
0.960761 -0.276907 0.0161082 28.0411 0.277128 0.960736 -0.0136111 4.92529 -0.0117067 0.0175411 0.999777 1
0.95973 -0.280374 0.0175495 28.9579 0.280594 0.959756 -0.0115865 5.19999 -0.0135947 0.0160442 0.999778 1
0.958631 -0.283841 0.0214331 29.8651 0.284165 0.958673 -0.0139651 5.47363 -0.0165835 0.0194779 0.999672 1
0.956407 -0.290949 0.0251846 30.8234 0.291324 0.95654 -0.0127112 5.78074 -0.0203917 0.0194939 0.999602 1
0.954475 -0.29702 0.0274951 31.7586 0.29743 0.954666 -0.0121722 6.08333 -0.0226332 0.0197959 0.999547 1
0.952416 -0.303423 0.0289416 32.7086 0.303862 0.952639 -0.0121269 6.39832 -0.0238913 0.0203441 0.999507 1
0.950296 -0.30982 0.0307858 33.6574 0.310307 0.950555 -0.0124303 6.71791 -0.0254124 0.0213655 0.999448 1
0.94751 -0.31805 0.0326903 34.6397 0.318551 0.947838 -0.0113361 7.056 -0.0273797 0.0211546 0.999401 1
0.944976 -0.325357 0.0340962 35.6138 0.325869 0.945356 -0.0105476 7.3954 -0.0288013 0.0210781 0.999362 1
0.942452 -0.332396 0.0360033 36.5813 0.332929 0.942901 -0.00981481 7.73989 -0.0306851 0.0212365 0.999303 1
0.939381 -0.340715 0.0384082 37.5658 0.341263 0.939929 -0.00854988 8.10174 -0.0331879 0.0211389 0.999225 1
0.936612 -0.348392 0.0371529 38.5214 0.348873 0.937142 -0.0071507 8.46372 -0.0323263 0.0196591 0.999284 1
0.933237 -0.357636 0.0341236 39.4873 0.358032 0.933689 -0.00607252 8.84254 -0.0296891 0.0178844 0.999399 1
0.930432 -0.365135 0.0311792 40.4438 0.365472 0.930805 -0.00568527 9.22112 -0.0269459 0.0166849 0.999497 1
0.927034 -0.373658 0.0314136 41.4114 0.374008 0.927407 -0.00589099 9.61781 -0.0269319 0.0172101 0.999489 1
0.923197 -0.382767 0.0345822 42.3562 0.383166 0.923663 -0.00547672 10.016 -0.029846 0.0183068 0.999386 1
0.919464 -0.39151 0.0361258 43.2792 0.391901 0.919998 -0.00417983 10.4296 -0.0315992 0.0180009 0.999338 1
0.915242 -0.401128 0.0377833 44.2409 0.4016 0.915798 -0.00554169 10.8671 -0.032379 0.0202458 0.99927 1
0.911986 -0.408635 0.036011 45.1734 0.409071 0.912486 -0.00536619 11.3012 -0.0306667 0.0196249 0.999336 1
0.908326 -0.416806 0.0348574 46.1084 0.417259 0.908763 -0.00656678 11.7504 -0.0289401 0.0205094 0.99937 1
0.904885 -0.424467 0.0317581 47.0505 0.424834 0.905254 -0.00552682 12.2058 -0.0264032 0.0184931 0.99948 1
0.902435 -0.429721 0.0308231 47.982 0.430115 0.902745 -0.00723464 12.653 -0.0247165 0.0197863 0.999498 1
0.900757 -0.433312 0.0295861 48.9291 0.433737 0.900989 -0.0095402 13.1148 -0.0225229 0.021426 0.999516 1
0.899598 -0.435752 0.0290028 49.8231 0.436172 0.899809 -0.00985295 13.5555 -0.0218035 0.0215139 0.99953 1
0.897873 -0.439098 0.0318553 50.7299 0.439544 0.898182 -0.00831198 14.0048 -0.0249621 0.0214649 0.999457 1
0.895454 -0.443517 0.0381305 51.635 0.444001 0.896013 -0.00487513 14.4482 -0.0320032 0.0212954 0.99926 1
0.894268 -0.445364 0.0439724 52.5538 0.445947 0.89505 -0.00392827 14.9207 -0.037608 0.0231223 0.999024 1
0.892318 -0.449073 0.0458232 53.4623 0.44971 0.893165 -0.00410981 15.3706 -0.0390821 0.0242744 0.99894 1
0.890927 -0.451717 0.0469004 54.3742 0.452505 0.891733 -0.00720186 15.8262 -0.0385694 0.027639 0.998873 1
0.889779 -0.454041 0.0462492 55.3022 0.454886 0.890502 -0.00917304 16.2979 -0.0370201 0.0292001 0.998887 1
0.889284 -0.455434 0.0418515 56.2181 0.456158 0.889851 -0.00923675 16.7716 -0.0330348 0.027305 0.99908 1
0.889098 -0.456044 0.0390772 57.1593 0.456725 0.889549 -0.0102432 17.2592 -0.0300897 0.0269547 0.999183 1
0.889371 -0.455554 0.0385778 58.0843 0.456195 0.88983 -0.00936392 17.7467 -0.0300619 0.025927 0.999211 1
0.88907 -0.456136 0.0386315 59.0051 0.456744 0.88956 -0.00821475 18.2297 -0.030618 0.0249482 0.999219 1
0.888142 -0.457849 0.0397032 59.9453 0.458479 0.888668 -0.00803665 18.722 -0.0316034 0.0253408 0.999179 1
0.887611 -0.458694 0.0417588 60.863 0.459416 0.888173 -0.00919214 19.2014 -0.0328727 0.0273437 0.999085 1
0.886792 -0.460146 0.0431739 61.8261 0.460942 0.887371 -0.0101793 19.7054 -0.0336273 0.0289275 0.999015 1
0.886139 -0.461222 0.0450477 62.7524 0.46207 0.886786 -0.0100696 20.1946 -0.0353033 0.0297382 0.998933 1
0.885313 -0.462441 0.0486597 63.7133 0.463426 0.886071 -0.0107232 20.7013 -0.0381571 0.0320436 0.998757 1
0.883986 -0.464924 0.0491171 64.6408 0.465977 0.884714 -0.0120724 21.1949 -0.0378418 0.0335593 0.998719 1
0.882785 -0.467308 0.048065 65.5416 0.468373 0.883431 -0.0132837 21.6797 -0.0362545 0.034239 0.998755 1
0.882088 -0.46889 0.0453972 66.4792 0.469859 0.882644 -0.013079 22.185 -0.033937 0.0328671 0.998883 1
0.881732 -0.469605 0.0449142 67.3861 0.470521 0.882307 -0.0119735 22.6813 -0.0340053 0.0316905 0.998918 1
0.881181 -0.470305 0.048283 68.308 0.471221 0.881968 -0.00905119 23.1846 -0.0383273 0.0307277 0.998792 1
0.880452 -0.471428 0.0505739 69.2187 0.472374 0.881362 -0.00798088 23.6863 -0.0408115 0.0309165 0.998688 1
0.879517 -0.472966 0.0524389 70.1194 0.473874 0.880573 -0.00570829 24.1858 -0.0434765 0.02987 0.998607 1
0.878539 -0.47467 0.053431 71.0275 0.4756 0.879644 -0.00546486 24.6889 -0.0444063 0.0302129 0.998556 1
0.877476 -0.47652 0.0544169 71.9271 0.477477 0.878627 -0.00535047 25.1876 -0.0452626 0.0306777 0.998503 1
0.876337 -0.478614 0.054402 72.8341 0.47955 0.8775 -0.00485646 25.6847 -0.0454134 0.0303444 0.998506 1
0.87574 -0.479745 0.054047 73.7015 0.480668 0.876889 -0.00474497 26.1646 -0.0451169 0.030134 0.998526 1
0.874701 -0.481407 0.0560572 74.5845 0.482493 0.875872 -0.00688256 26.6506 -0.0457856 0.0330674 0.998403 1
0.874215 -0.482058 0.0580065 75.4301 0.483236 0.875458 -0.00741599 27.1186 -0.0472073 0.034514 0.998288 1
0.873148 -0.483744 0.0600169 76.2172 0.485012 0.874472 -0.00778582 27.5575 -0.0487168 0.0359071 0.998166 1
0.872265 -0.485058 0.062216 77.016 0.486491 0.873634 -0.00942839 28.0038 -0.0497807 0.0384916 0.998017 1
0.870865 -0.487426 0.0633012 77.7794 0.489019 0.872194 -0.0116918 28.433 -0.0495121 0.0411375 0.997925 1
0.868073 -0.492235 0.0644279 78.5445 0.494005 0.869344 -0.0141376 28.8728 -0.049051 0.0441002 0.997821 1
0.865591 -0.496636 0.0640457 79.258 0.498444 0.866789 -0.0151471 29.2892 -0.0479915 0.0450344 0.997831 1
0.863352 -0.500349 0.0653621 79.956 0.502258 0.864572 -0.0158833 29.7015 -0.0485631 0.0465416 0.997734 1
0.861013 -0.504253 0.0661999 80.6478 0.506196 0.862276 -0.0156651 30.1134 -0.0491834 0.0469981 0.997683 1
0.85899 -0.507599 0.0669122 81.2985 0.50954 0.860319 -0.0148389 30.509 -0.0500336 0.0468409 0.997648 1
0.856489 -0.511574 0.0686692 81.928 0.513585 0.857916 -0.0144577 30.8927 -0.0515163 0.0476504 0.997534 1
0.85442 -0.514881 0.0697247 82.5242 0.516899 0.85594 -0.0135112 31.2657 -0.0527234 0.0475848 0.997474 1
0.852779 -0.517502 0.070408 83.1079 0.519573 0.854315 -0.0138027 31.6329 -0.0530077 0.0483528 0.997422 1
0.851457 -0.519795 0.0695084 83.6493 0.521802 0.852962 -0.0133275 31.9783 -0.0523605 0.0476174 0.997491 1
0.850511 -0.521687 0.0668633 84.1708 0.523658 0.851795 -0.0150488 32.3094 -0.0491031 0.0478127 0.997648 1
0.849306 -0.524064 0.0634991 84.6812 0.525901 0.850404 -0.0155151 32.64 -0.045869 0.0465713 0.99786 1
0.848404 -0.525837 0.0608606 85.1597 0.527567 0.849366 -0.0158147 32.9519 -0.0433769 0.0455254 0.99802 1
0.847736 -0.526987 0.0602052 85.6258 0.528682 0.848676 -0.0156393 33.2514 -0.042853 0.0450874 0.998063 1
0.848168 -0.526418 0.0590899 86.0613 0.528003 0.849122 -0.0142651 33.5309 -0.0426652 0.0432989 0.99815 1
0.849194 -0.524815 0.0586145 86.474 0.526243 0.850261 -0.0111392 33.7955 -0.0439915 0.0403049 0.998218 1
0.852145 -0.520052 0.0582396 86.8886 0.521276 0.853359 -0.00707806 34.0585 -0.0460183 0.0363904 0.998277 1
0.855565 -0.514294 0.0592175 87.2648 0.515427 0.856921 -0.00459861 34.2868 -0.0483797 0.0344567 0.998234 1
0.859477 -0.507537 0.0608478 87.6438 0.508597 0.861002 -0.0022608 34.5101 -0.0512426 0.0328901 0.998144 1
0.864588 -0.498603 0.0622862 88.0021 0.49967 0.866214 -0.00180777 34.7101 -0.0530518 0.0326856 0.998056 1
0.87004 -0.4888 0.064046 88.34 0.489908 0.871772 -0.0018355 34.8979 -0.0549363 0.0329737 0.997944 1
0.875947 -0.47813 0.0640773 88.6598 0.479242 0.877679 -0.00228338 35.0664 -0.0551476 0.0327087 0.997941 1
0.88369 -0.463666 0.064055 88.9851 0.46472 0.885456 -0.00176014 35.228 -0.0559017 0.0313231 0.997944 1
0.892018 -0.447585 0.0629964 89.2891 0.448634 0.893711 -0.0028239 35.3692 -0.0550366 0.0307813 0.998009 1
0.901165 -0.429037 0.0618482 89.5972 0.430079 0.902782 -0.0039775 35.5036 -0.0541289 0.030184 0.998077 1
0.911695 -0.406242 0.0614559 89.8995 0.407351 0.913251 -0.00617444 35.6255 -0.0536163 0.0306634 0.99809 1
0.921719 -0.382793 0.0624539 90.1783 0.38392 0.923342 -0.00669457 35.7286 -0.0551036 0.0301478 0.998025 1
0.932371 -0.356009 0.0627543 90.4619 0.357143 0.93402 -0.00749963 35.8264 -0.0559438 0.0294047 0.998 1
0.943678 -0.324623 0.0639507 90.754 0.325769 0.945415 -0.00809985 35.9076 -0.0578305 0.0284768 0.997919 1
0.954466 -0.29099 0.0657079 91.0514 0.292142 0.956337 -0.00846141 35.9708 -0.0603767 0.0272722 0.997802 1
0.964801 -0.254372 0.0667134 91.3522 0.255501 0.966769 -0.00883398 36.0227 -0.0622493 0.0255684 0.997732 1
0.97431 -0.215158 0.0665165 91.6425 0.216113 0.97634 -0.00741844 36.072 -0.0633466 0.021603 0.997757 1
0.98293 -0.171563 0.0664249 91.9428 0.172251 0.985042 -0.00473714 36.1055 -0.0646186 0.0160981 0.997779 1
0.989738 -0.127096 0.0652905 92.2451 0.127465 0.991842 -0.00150961 36.1248 -0.064566 0.00981644 0.997864 1
0.994651 -0.0787973 0.0667669 92.5402 0.0790547 0.99687 -0.00122391 36.1328 -0.0664614 0.00649564 0.997767 1
0.997234 -0.0326323 0.0667569 92.8253 0.0328115 0.99946 -0.00159614 36.1168 -0.0666688 0.00378216 0.997767 1
0.997714 0.014535 0.0659735 93.1022 -0.0144573 0.999894 -0.00166389 36.0998 -0.0659906 0.000706332 0.997819 1
0.996037 0.0632496 0.0625072 93.373 -0.0633206 0.997993 -0.000856289 36.0547 -0.0624359 -0.00310505 0.998043 1
0.991841 0.11236 0.0601979 93.6483 -0.112732 0.993622 0.00279851 36.0041 -0.0594995 -0.00956188 0.998182 1
0.985028 0.162429 0.0577353 93.9324 -0.163193 0.986556 0.0087331 35.9317 -0.0555406 -0.0180243 0.998293 1
0.974651 0.216668 0.0557433 94.2042 -0.217682 0.975937 0.0127285 35.8451 -0.0516441 -0.0245401 0.998363 1
0.961919 0.267688 0.0552474 94.4717 -0.268815 0.963091 0.0139296 35.7263 -0.0494795 -0.0282504 0.998375 1
0.946358 0.318044 0.0570264 94.7481 -0.319234 0.947589 0.0128724 35.5904 -0.0499436 -0.0303866 0.998289 1
0.926894 0.370566 0.0595407 95.031 -0.371918 0.928174 0.0130641 35.4574 -0.050423 -0.0342533 0.998139 1
0.904476 0.422021 0.0617917 95.3186 -0.423528 0.905788 0.0130944 35.2948 -0.0504441 -0.0380141 0.998002 1
0.878418 0.473747 0.0627981 95.5997 -0.475304 0.879743 0.0117718 35.1057 -0.0496694 -0.0401887 0.997956 1
0.849578 0.523362 0.0656296 95.8836 -0.524996 0.851053 0.0093754 34.892 -0.0509476 -0.0424203 0.997799 1
0.818747 0.570173 0.0674752 96.165 -0.571994 0.820199 0.00982326 34.6629 -0.0497421 -0.0466381 0.997672 1
0.785653 0.61502 0.0670651 96.4415 -0.617094 0.786763 0.0141059 34.4227 -0.0440889 -0.0524678 0.997648 1
0.751063 0.657069 0.0645196 96.7178 -0.659229 0.751715 0.018485 34.1609 -0.0363545 -0.0564166 0.997744 1
0.71928 0.691818 0.0634171 96.9784 -0.693941 0.719795 0.0184582 33.8678 -0.0328776 -0.0572844 0.997815 1
0.690564 0.720866 0.0589092 97.2332 -0.722678 0.691002 0.0158837 33.5603 -0.0292564 -0.053541 0.998136 1
0.665762 0.744073 0.0557969 97.4847 -0.745663 0.666193 0.0132185 33.2372 -0.0273359 -0.050406 0.998354 1
0.64182 0.764777 0.0564009 97.7377 -0.766432 0.642173 0.014039 32.9151 -0.0254824 -0.0522379 0.998309 1
0.619018 0.783374 0.0560174 98.0019 -0.78499 0.619374 0.0128692 32.565 -0.0246144 -0.0519394 0.998346 1
0.597239 0.799712 0.0613468 98.2823 -0.801604 0.597737 0.0119026 32.2012 -0.0271506 -0.0562844 0.998045 1
0.576577 0.814511 0.0642515 98.5621 -0.816539 0.577198 0.0103141 31.8031 -0.0286849 -0.0584106 0.99788 1
0.55746 0.827951 0.0610919 98.8178 -0.829709 0.558157 0.00659097 31.3952 -0.0286419 -0.0543627 0.998109 1
0.538971 0.840452 0.0561036 99.0774 -0.84186 0.539689 0.00275385 30.9662 -0.0279641 -0.0487155 0.99842 1
0.524559 0.849776 0.0521156 99.3382 -0.850964 0.525222 0.00115193 30.5156 -0.0263934 -0.0449527 0.998639 1
0.511136 0.858196 0.0472946 99.6143 -0.859273 0.511491 0.00518482 30.0529 -0.0197412 -0.0432891 0.998867 1
0.501221 0.863815 0.0509673 99.8968 -0.865205 0.501243 0.0132971 29.5713 -0.0140608 -0.0507619 0.998611 1
0.493841 0.868102 0.0501807 100.184 -0.86945 0.493846 0.0131808 29.0548 -0.0133393 -0.0501388 0.998652 1
0.491853 0.869127 0.0519299 100.469 -0.870506 0.492067 0.00948942 28.5311 -0.0173055 -0.0498727 0.998605 1
0.490289 0.870039 0.0514393 100.77 -0.871374 0.49055 0.00829983 27.9969 -0.0180124 -0.0488922 0.998641 1
0.490534 0.869914 0.0512157 101.073 -0.871268 0.490705 0.0100506 27.4721 -0.0163887 -0.0495527 0.998636 1
0.490841 0.869595 0.0536461 101.382 -0.871128 0.490867 0.0136071 26.9411 -0.0145005 -0.0534115 0.998466 1
0.490029 0.870281 0.0498002 101.695 -0.871618 0.489993 0.013766 26.3973 -0.0124216 -0.0501524 0.998664 1
0.490563 0.870331 0.0432306 102.024 -0.871332 0.490562 0.0113717 25.8107 -0.0113102 -0.0432467 0.999 1
0.490645 0.870382 0.0412259 102.37 -0.871299 0.490619 0.011459 25.2087 -0.0102525 -0.0415424 0.999083 1
0.490783 0.870262 0.0421204 102.744 -0.871233 0.490694 0.0131502 24.5712 -0.00922407 -0.0431505 0.999025 1
0.489589 0.870958 0.0416194 103.113 -0.871875 0.489628 0.00996106 23.9283 -0.0117024 -0.0411637 0.999083 1
0.488697 0.871522 0.0402687 103.488 -0.872358 0.488807 0.00775575 23.2651 -0.0129243 -0.0389189 0.999158 1
0.488734 0.871451 0.0413572 103.857 -0.872317 0.488893 0.00687673 22.6179 -0.0142265 -0.0394374 0.99912 1
0.48865 0.871556 0.0401154 104.216 -0.872339 0.488881 0.0045096 21.9805 -0.0156813 -0.0371979 0.999184 1
0.487654 0.872236 0.0373489 104.583 -0.872865 0.487961 0.00102429 21.3244 -0.0173314 -0.0331 0.999301 1
0.485077 0.873635 0.0382084 104.967 -0.874309 0.485365 0.00198241 20.6453 -0.0168131 -0.0343675 0.999267 1
0.483443 0.874484 0.0394799 105.363 -0.875232 0.48369 0.00366422 19.9521 -0.0158918 -0.0363255 0.999213 1
0.482197 0.874985 0.0434164 105.759 -0.875981 0.482236 0.0102778 19.2581 -0.0119441 -0.0429878 0.999003 1
0.480381 0.875868 0.0456864 106.148 -0.87703 0.480141 0.0168052 18.568 -0.00721675 -0.0481412 0.998814 1
0.47915 0.876482 0.0468205 106.546 -0.877723 0.478713 0.020877 17.8483 -0.00411527 -0.0510986 0.998684 1
0.477107 0.877398 0.0503837 106.939 -0.87884 0.476516 0.0239291 17.159 -0.00301331 -0.055696 0.998442 1
0.475485 0.878035 0.0544632 107.319 -0.879711 0.474901 0.0240398 16.4817 -0.00475681 -0.0593424 0.998226 1
0.473959 0.878697 0.0570229 107.684 -0.880506 0.473567 0.0210652 15.822 -0.00849422 -0.060193 0.99815 1
0.473368 0.878823 0.0599293 108.06 -0.880789 0.473124 0.019105 15.1488 -0.0115641 -0.0618288 0.998019 1
0.471113 0.880117 0.0586873 108.429 -0.882023 0.470746 0.0208034 14.4764 -0.00931744 -0.0615643 0.998059 1
0.471207 0.880316 0.0548165 108.798 -0.882015 0.470552 0.0251198 13.8005 -0.00368066 -0.0601855 0.99818 1
0.471961 0.880233 0.0493908 109.172 -0.8816 0.470843 0.0329855 13.1093 0.00577959 -0.0591108 0.998234 1
0.470706 0.881084 0.0460773 109.552 -0.882216 0.46935 0.0374973 12.4075 0.0114119 -0.0583003 0.998233 1
0.471462 0.880687 0.0459593 109.929 -0.881852 0.470345 0.0333488 11.7147 0.00775305 -0.056252 0.998386 1
0.4716 0.880752 0.0432138 110.309 -0.881801 0.470784 0.0280921 11.0065 0.00439782 -0.0513542 0.99867 1
0.468511 0.882325 0.044689 110.686 -0.88345 0.467705 0.0277072 10.3016 0.00354551 -0.0524616 0.998616 1
0.467894 0.882626 0.0452238 111.075 -0.88377 0.466978 0.0297066 9.59087 0.00510132 -0.0538669 0.998534 1
0.464875 0.884167 0.0462329 111.448 -0.885344 0.463776 0.0328335 8.90226 0.00758856 -0.0561955 0.99839 1
0.462565 0.885279 0.0480933 111.824 -0.886558 0.461444 0.0329313 8.2091 0.00696103 -0.0578703 0.998299 1
0.457886 0.8877 0.0482317 112.187 -0.888977 0.456726 0.0334775 7.51423 0.00768935 -0.0582058 0.998274 1
0.456589 0.888401 0.0476134 112.55 -0.889635 0.45539 0.0341907 6.82543 0.00869238 -0.0579696 0.99828 1
0.455196 0.889076 0.0483562 112.91 -0.890351 0.453991 0.0341614 6.15138 0.00841881 -0.0586041 0.998245 1
0.452868 0.890106 0.051186 113.262 -0.89155 0.451657 0.0338253 5.48911 0.00698948 -0.0609533 0.998115 1
0.4508 0.890978 0.0541798 113.617 -0.892607 0.44958 0.0336179 4.81177 0.00559465 -0.0635162 0.997964 1
0.447796 0.892379 0.0559961 113.961 -0.894117 0.446506 0.0344441 4.14343 0.00573457 -0.065491 0.997836 1
0.446817 0.892904 0.0554505 114.306 -0.894597 0.445458 0.035528 3.48346 0.00702223 -0.0654804 0.997828 1
0.444683 0.894007 0.0548254 114.645 -0.895662 0.443373 0.0347852 2.83044 0.0067901 -0.0645734 0.997889 1
0.443405 0.894609 0.0553569 114.987 -0.896304 0.442166 0.0335933 2.17562 0.00557587 -0.064512 0.9979 1
0.441588 0.895331 0.0581331 115.329 -0.897208 0.44036 0.0331626 1.52055 0.00409205 -0.0668017 0.997757 1
0.439437 0.89632 0.0591799 115.661 -0.898267 0.438236 0.0326455 0.870402 0.00332611 -0.067505 0.997713 1
0.43706 0.897395 0.0604766 115.993 -0.899428 0.435866 0.0324037 0.220505 0.00271922 -0.0685567 0.997643 1
0.434298 0.898494 0.0639578 116.318 -0.900769 0.433224 0.0305258 -0.421307 -0.000280793 -0.0708684 0.997485 1
0.432746 0.899242 0.0639681 116.63 -0.901514 0.431786 0.0288615 -1.05345 -0.00166705 -0.0701578 0.997534 1
0.430185 0.900609 0.0619778 116.936 -0.90274 0.429221 0.0287911 -1.67166 -0.000672679 -0.0683353 0.997661 1
0.430017 0.900808 0.0602351 117.235 -0.90282 0.429064 0.0286186 -2.29801 -6.48659e-05 -0.066688 0.997773 1
0.429875 0.900991 0.058472 117.53 -0.902887 0.428865 0.0294961 -2.90795 0.00149919 -0.0654732 0.997852 1
0.429423 0.901414 0.0551859 117.818 -0.903103 0.428587 0.0267925 -3.5061 0.000499125 -0.0613438 0.998116 1
0.428947 0.901805 0.0524234 118.116 -0.903327 0.428339 0.0229071 -4.13039 -0.00179729 -0.0571814 0.998361 1
0.428281 0.902196 0.0511343 118.401 -0.903634 0.42787 0.0192853 -4.71603 -0.0044797 -0.0544663 0.998505 1
0.427762 0.902409 0.0517116 118.702 -0.903869 0.427445 0.017616 -5.32988 -0.006207 -0.054276 0.998506 1
0.427022 0.902805 0.050915 118.992 -0.904207 0.42681 0.0155257 -5.92228 -0.00771439 -0.0526675 0.998581 1
0.425768 0.903252 0.0534272 119.281 -0.904804 0.425476 0.0173021 -6.52408 -0.00710382 -0.0557078 0.998421 1
0.423378 0.904311 0.054495 119.565 -0.905928 0.423046 0.0180612 -7.11369 -0.00672091 -0.0570153 0.99835 1
0.418404 0.906099 0.0625928 119.853 -0.908249 0.417747 0.0238875 -7.70728 -0.00450351 -0.0668445 0.997752 1
0.412826 0.908423 0.0658752 120.145 -0.910805 0.411956 0.026925 -8.32193 -0.00267839 -0.0711148 0.997463 1
0.406603 0.911581 0.0607444 120.409 -0.913604 0.405626 0.0281921 -8.927 0.00105996 -0.0669593 0.997754 1
0.399829 0.914837 0.0566305 120.666 -0.916582 0.398819 0.0286339 -9.51672 0.00361007 -0.0633552 0.997983 1
0.393264 0.917798 0.0546472 120.918 -0.919397 0.3921 0.0310655 -10.0907 0.00708476 -0.0624594 0.998021 1
0.386998 0.920182 0.0591083 121.168 -0.922025 0.385483 0.0356574 -10.6567 0.0100261 -0.0682987 0.997613 1
0.381127 0.922563 0.0601278 121.408 -0.924468 0.379597 0.0355436 -11.2186 0.00996691 -0.0691329 0.997557 1
0.375611 0.924707 0.0618859 121.641 -0.926713 0.373968 0.0367349 -11.7733 0.0108257 -0.0711486 0.997406 1
0.371264 0.926417 0.0625414 121.876 -0.928447 0.369507 0.0380826 -12.338 0.012171 -0.072205 0.997314 1
0.368495 0.927358 0.0649199 122.107 -0.929561 0.366726 0.0377795 -12.9081 0.0112274 -0.0742686 0.997174 1
0.365537 0.928388 0.0668964 122.345 -0.930757 0.363923 0.0353419 -13.4993 0.00846595 -0.0751831 0.997133 1
0.363849 0.928951 0.0682631 122.58 -0.931447 0.362525 0.0313266 -14.0811 0.00435384 -0.0749816 0.997174 1
0.361956 0.929513 0.0706397 122.822 -0.932194 0.360835 0.0284855 -14.673 0.00098844 -0.0761604 0.997094 1
0.360458 0.930276 0.0682062 123.07 -0.932773 0.359361 0.0281576 -15.2927 0.00168374 -0.0737706 0.997273 1
0.358346 0.931456 0.0630496 123.312 -0.933582 0.357274 0.0279229 -15.9367 0.00348306 -0.068868 0.997618 1
0.356975 0.932246 0.0590211 123.548 -0.934084 0.355755 0.0303913 -16.5637 0.00733515 -0.0659796 0.997793 1
0.354925 0.933062 0.0584862 123.799 -0.934838 0.353524 0.0331359 -17.2105 0.0102416 -0.066436 0.997737 1
0.353566 0.933509 0.0595718 124.071 -0.935364 0.352206 0.0323203 -17.8902 0.00918983 -0.0671487 0.997699 1
0.352591 0.933761 0.0613706 124.328 -0.935767 0.351529 0.027689 -18.5464 0.00428138 -0.0671915 0.99773 1
0.351365 0.934534 0.0564312 124.573 -0.936232 0.350515 0.0246557 -19.191 0.00326168 -0.0614958 0.998101 1
0.350184 0.935028 0.0555913 124.819 -0.936672 0.349312 0.025012 -19.8265 0.0039682 -0.0608296 0.998139 1
0.348496 0.935659 0.0555731 125.065 -0.937293 0.347524 0.0266067 -20.4433 0.00558183 -0.0613606 0.998099 1
0.34606 0.936713 0.0529944 125.302 -0.938188 0.345102 0.0265641 -21.0594 0.00659445 -0.0589115 0.99824 1
0.343629 0.937746 0.0504841 125.536 -0.939073 0.342678 0.0266922 -21.6727 0.00773076 -0.0565805 0.998367 1
0.340971 0.938844 0.0480191 125.774 -0.940043 0.340108 0.0253953 -22.3067 0.0075106 -0.0537991 0.998522 1
0.33855 0.939771 0.0470086 126.017 -0.940924 0.337762 0.0240339 -22.9513 0.00670869 -0.0523682 0.998604 1
0.337199 0.940223 0.0476849 126.255 -0.9414 0.336337 0.0253183 -23.5691 0.00776667 -0.0534279 0.99854 1
0.336743 0.940248 0.0503457 126.508 -0.941547 0.335699 0.0281851 -24.2212 0.0096 -0.056894 0.998333 1
0.337534 0.93991 0.0513429 126.756 -0.941259 0.336431 0.0290624 -24.8501 0.0100428 -0.0581365 0.998257 1
0.336667 0.939989 0.0554286 127.011 -0.941556 0.335355 0.0317577 -25.5194 0.0112636 -0.0628809 0.997956 1
0.335352 0.940189 0.0598284 127.261 -0.942027 0.333904 0.0330489 -26.2066 0.0110953 -0.067443 0.99766 1
0.334171 0.940354 0.0637242 127.525 -0.942452 0.332623 0.0338364 -26.9231 0.0106221 -0.0713641 0.997392 1
0.332508 0.940583 0.068832 127.781 -0.943039 0.330777 0.0355215 -27.6286 0.010643 -0.0767226 0.996994 1
0.33012 0.94128 0.0707719 128.033 -0.943875 0.328304 0.0362652 -28.3268 0.0109011 -0.0787718 0.996832 1
0.328085 0.941907 0.0718844 128.293 -0.944592 0.326293 0.0357418 -29.0641 0.0102102 -0.0796278 0.996771 1
0.325673 0.942707 0.0723714 128.552 -0.945412 0.323768 0.03699 -29.7803 0.0114392 -0.0804675 0.99669 1
0.324901 0.94302 0.0717467 128.812 -0.94564 0.322787 0.0396532 -30.5243 0.0142349 -0.08073 0.996633 1
0.323501 0.943763 0.0682249 129.064 -0.946081 0.321345 0.0408132 -31.2574 0.0165943 -0.0777495 0.996833 1
0.322188 0.944348 0.0663108 129.33 -0.946496 0.319978 0.0419159 -32.014 0.0183653 -0.0762678 0.996917 1
0.321253 0.944825 0.064025 129.602 -0.946809 0.319126 0.041353 -32.7798 0.0186394 -0.0739043 0.99709 1
0.319739 0.945515 0.0613562 129.863 -0.94735 0.317845 0.0387496 -33.536 0.0171366 -0.0705156 0.997362 1
0.320231 0.945431 0.0600757 130.123 -0.947228 0.318579 0.0355785 -34.3101 0.0144982 -0.0682987 0.997558 1
0.319546 0.945676 0.0598669 130.384 -0.94749 0.318063 0.0331121 -35.0648 0.012272 -0.0673042 0.997656 1
0.320793 0.945319 0.0588249 130.651 -0.947102 0.319546 0.029766 -35.8362 0.00934115 -0.065262 0.997823 1
0.319823 0.945436 0.0621359 130.915 -0.947454 0.318672 0.0278878 -36.6109 0.00656512 -0.0677901 0.997676 1
0.319974 0.945267 0.0639006 131.181 -0.94742 0.319012 0.025023 -37.3934 0.00326844 -0.0685475 0.997641 1
0.320881 0.944988 0.063471 131.45 -0.947108 0.319835 0.0262857 -38.1822 0.00453943 -0.0685486 0.997636 1
0.321757 0.944815 0.0615934 131.715 -0.946742 0.320211 0.0338006 -38.9581 0.0122125 -0.0691888 0.997527 1
0.323341 0.944512 0.0578348 131.978 -0.946038 0.321267 0.0424046 -39.7245 0.0214713 -0.0684252 0.997424 1
0.322712 0.94478 0.0569578 132.266 -0.946088 0.320222 0.0487091 -40.5272 0.0277803 -0.0696062 0.997186 1
0.323798 0.944415 0.0568395 132.551 -0.945728 0.321337 0.0483622 -41.3424 0.0274095 -0.0694143 0.99721 1
0.320063 0.945547 0.0591321 132.841 -0.947098 0.317776 0.0449762 -42.159 0.0237364 -0.0703992 0.997235 1
0.318047 0.946125 0.0607501 133.114 -0.94781 0.315795 0.0438994 -42.9509 0.0223497 -0.0715418 0.997185 1
0.316031 0.946547 0.0645675 133.388 -0.948494 0.313641 0.0445693 -43.7563 0.0219359 -0.0753272 0.996916 1
0.315342 0.946673 0.0660768 133.653 -0.948704 0.312816 0.0458727 -44.5319 0.0227566 -0.077153 0.996758 1
0.313379 0.94751 0.0633614 133.903 -0.949363 0.311021 0.0444393 -45.2944 0.0224 -0.0740794 0.996999 1
0.311488 0.948177 0.0626959 134.154 -0.949999 0.309216 0.0434126 -46.0801 0.0217763 -0.0730837 0.997086 1
0.311031 0.948568 0.0589407 134.414 -0.950098 0.308773 0.0444065 -46.8729 0.0239233 -0.0698113 0.997271 1
0.309544 0.949291 0.055008 134.671 -0.95051 0.307281 0.0459056 -47.661 0.0266749 -0.0664956 0.997428 1
0.310407 0.949151 0.0524933 134.934 -0.9502 0.308196 0.0461842 -48.4375 0.0276576 -0.0642152 0.997551 1
0.309017 0.949659 0.0514978 135.193 -0.950693 0.306953 0.0442705 -49.2016 0.0262346 -0.0626391 0.997689 1
0.308599 0.949742 0.0524719 135.46 -0.950841 0.306519 0.044108 -49.9749 0.0258076 -0.0635042 0.997646 1
0.307191 0.950003 0.055888 135.74 -0.951272 0.304893 0.0460428 -50.7862 0.026701 -0.0673087 0.997373 1
0.304547 0.950819 0.0564885 136.019 -0.951948 0.301826 0.0518937 -51.6071 0.0322919 -0.0695784 0.997052 1
0.304482 0.950782 0.0574447 136.288 -0.951814 0.301387 0.0566898 -52.4139 0.0365866 -0.0719378 0.996736 1
0.302521 0.951533 0.055333 136.549 -0.952374 0.29944 0.0575882 -53.2025 0.0382282 -0.0701195 0.996804 1
0.300448 0.95207 0.0573459 136.801 -0.953099 0.297387 0.0562218 -53.9802 0.0364732 -0.0715482 0.996768 1
0.299541 0.952238 0.0592759 137.041 -0.953411 0.296423 0.0560267 -54.7378 0.0357801 -0.0732968 0.996666 1
0.29733 0.95308 0.0568275 137.277 -0.953984 0.294137 0.0582711 -55.4845 0.038822 -0.0715384 0.99668 1
0.296657 0.953207 0.0582073 137.514 -0.9541 0.293211 0.060976 -56.2199 0.0410558 -0.0736247 0.996439 1
0.295432 0.953329 0.0622841 137.758 -0.954394 0.291571 0.0641493 -56.9687 0.0429953 -0.0783956 0.995993 1
0.294676 0.953286 0.0663921 137.993 -0.95455 0.290394 0.0670977 -57.6912 0.0446835 -0.0831469 0.995533 1
0.293158 0.953618 0.0683221 138.231 -0.955027 0.288767 0.0673275 -58.4349 0.0444756 -0.0849873 0.995387 1
0.289884 0.954552 0.0692323 138.457 -0.955838 0.285101 0.0713283 -59.1828 0.0483485 -0.086852 0.995045 1
0.287893 0.954944 0.0720751 138.685 -0.956353 0.282753 0.0737389 -59.9134 0.0500372 -0.0901584 0.994668 1
0.284855 0.95594 0.0709394 138.911 -0.957203 0.27972 0.0742663 -60.6375 0.051151 -0.0890587 0.99471 1
0.282048 0.95667 0.0722925 139.134 -0.958099 0.276946 0.0730987 -61.3876 0.0499104 -0.0898809 0.994699 1
0.278095 0.957842 0.072092 139.345 -0.959158 0.272867 0.074539 -62.1316 0.0517252 -0.0898768 0.994607 1
0.276703 0.958078 0.0742787 139.561 -0.959272 0.270822 0.08031 -62.84 0.0568271 -0.0934757 0.993996 1
0.275857 0.958157 0.0763825 139.785 -0.959162 0.269236 0.0866984 -63.5676 0.0625059 -0.0971798 0.9933 1
0.272261 0.959459 0.0728546 139.988 -0.960023 0.265743 0.0879438 -64.2981 0.0650181 -0.093886 0.993455 1
0.270604 0.959922 0.0729356 140.206 -0.960648 0.264323 0.0853567 -65.0136 0.0626573 -0.0931635 0.993675 1
0.265496 0.961148 0.0755136 140.408 -0.962383 0.259519 0.0804148 -65.7361 0.0576934 -0.094023 0.993895 1
0.265569 0.960998 0.0771491 140.609 -0.962425 0.259559 0.0797748 -66.4365 0.0566388 -0.0954361 0.993821 1
0.26404 0.961321 0.0783653 140.806 -0.96274 0.257763 0.0817769 -67.1537 0.0584142 -0.097038 0.993563 1
0.262742 0.961552 0.0798749 141.011 -0.962901 0.256028 0.0852568 -67.853 0.0615288 -0.0993123 0.99315 1
0.258817 0.962651 0.0794531 141.211 -0.963717 0.251792 0.0885899 -68.5662 0.0652756 -0.0994991 0.992892 1
0.256606 0.963387 0.0776842 141.392 -0.964113 0.249478 0.0907965 -69.2833 0.0680918 -0.0981955 0.992833 1
0.254934 0.963775 0.0783735 141.578 -0.964276 0.24736 0.0947714 -69.9789 0.071952 -0.0997343 0.992407 1
0.250476 0.964877 0.0791762 141.776 -0.965325 0.242705 0.0961177 -70.6804 0.0735254 -0.100506 0.992214 1
0.250445 0.964837 0.0797604 141.961 -0.965527 0.242886 0.0935971 -71.3917 0.0709334 -0.100452 0.992408 1
0.248217 0.965573 0.0777935 142.144 -0.966326 0.241187 0.0896583 -72.1218 0.067809 -0.0974289 0.992927 1
0.243045 0.966792 0.0789806 142.317 -0.967789 0.236171 0.0872098 -72.8254 0.0656609 -0.0976326 0.993052 1
0.237545 0.968077 0.0799652 142.493 -0.969213 0.230723 0.0859644 -73.5365 0.0647705 -0.097924 0.993082 1
0.228366 0.970334 0.0793414 142.666 -0.971367 0.221607 0.0856367 -74.2592 0.0655138 -0.0966264 0.99316 1
0.218438 0.972628 0.0792152 142.826 -0.9735 0.211564 0.0868068 -74.9537 0.0676718 -0.0960781 0.993068 1
0.206773 0.97526 0.0781488 142.981 -0.975889 0.199882 0.0876649 -75.6636 0.0698757 -0.0943915 0.993078 1
0.194632 0.977747 0.0782528 143.123 -0.978199 0.187594 0.0890616 -76.3561 0.0724002 -0.0938813 0.992945 1
0.182073 0.980242 0.0772591 143.256 -0.980638 0.175263 0.0873395 -77.0647 0.0720734 -0.0916656 0.993176 1
0.172223 0.982009 0.0774054 143.378 -0.982358 0.165408 0.0872356 -77.7672 0.0728629 -0.091064 0.993174 1
0.162972 0.98366 0.0764764 143.488 -0.984033 0.156435 0.0848757 -78.466 0.0715254 -0.0890878 0.99345 1
0.152988 0.985349 0.0753488 143.585 -0.985602 0.146585 0.084244 -79.1475 0.0719649 -0.0871525 0.99359 1
0.145386 0.986492 0.0754367 143.675 -0.986731 0.139007 0.0838793 -79.8324 0.0722602 -0.0866308 0.993614 1
0.140042 0.987097 0.0775998 143.773 -0.987326 0.133306 0.0861049 -80.5095 0.0746496 -0.0886747 0.993257 1
0.137399 0.98757 0.0762915 143.857 -0.988015 0.131178 0.0813362 -81.1827 0.0703176 -0.0865528 0.99376 1
0.134948 0.988181 0.072677 143.931 -0.988512 0.129231 0.0783545 -81.8442 0.0680365 -0.082416 0.994271 1
0.134412 0.988494 0.0693332 144 -0.988822 0.129244 0.0743268 -82.5159 0.0645109 -0.0785488 0.994818 1
0.132465 0.988879 0.0675687 144.083 -0.989143 0.12751 0.0730304 -83.1872 0.0636027 -0.0765093 0.995036 1
0.135315 0.988531 0.0670173 144.17 -0.988507 0.130093 0.0769788 -83.8603 0.0673776 -0.0766636 0.994775 1
0.139075 0.988111 0.0654959 144.274 -0.987882 0.133834 0.0785784 -84.5351 0.0688788 -0.0756306 0.994752 1
0.140764 0.988012 0.0633447 144.369 -0.987601 0.13564 0.0790089 -85.1932 0.0694698 -0.0736811 0.994857 1
0.144115 0.987647 0.0614749 144.463 -0.987234 0.139243 0.0773122 -85.8344 0.0677974 -0.0718321 0.995108 1
0.14973 0.986936 0.0594313 144.565 -0.986571 0.145168 0.0748312 -86.4681 0.0652263 -0.0698378 0.995421 1
0.155387 0.986228 0.0566111 144.675 -0.985723 0.151037 0.0743903 -87.0947 0.0648156 -0.0673623 0.995619 1
0.160737 0.985561 0.0531716 144.784 -0.98467 0.15643 0.0771427 -87.7271 0.0677114 -0.0647563 0.995599 1
0.165771 0.984912 0.0496369 144.888 -0.983806 0.161688 0.0773219 -88.3424 0.0681298 -0.0616509 0.995767 1
0.173319 0.983629 0.0492953 145.005 -0.982485 0.169207 0.0780317 -88.9726 0.0684132 -0.0619565 0.995729 1
0.179518 0.982684 0.0458268 145.114 -0.981452 0.17572 0.0766227 -89.5565 0.0672434 -0.0587321 0.996004 1
0.18632 0.981426 0.0456292 145.234 -0.980252 0.182564 0.0759825 -90.1627 0.0662411 -0.0588853 0.996062 1
0.19103 0.980461 0.0468947 145.344 -0.979355 0.187163 0.0763654 -90.748 0.0660965 -0.0605148 0.995974 1
0.193737 0.979951 0.0464484 145.447 -0.978946 0.190005 0.0745609 -91.3186 0.0642408 -0.0599159 0.996132 1
0.198303 0.979104 0.0450155 145.553 -0.978227 0.194841 0.0714486 -91.8808 0.0611849 -0.058204 0.996426 1
0.204357 0.977929 0.0434422 145.668 -0.977216 0.201208 0.0675382 -92.4524 0.0573068 -0.0562544 0.996768 1
0.210293 0.976634 0.0442486 145.806 -0.976046 0.207156 0.0664542 -93.0146 0.0557352 -0.0571638 0.996805 1
0.217433 0.974919 0.0474481 145.939 -0.974439 0.214 0.0683348 -93.5745 0.0564671 -0.0610936 0.996531 1
0.222485 0.973838 0.0462059 146.077 -0.973194 0.219008 0.0701821 -94.1428 0.0582267 -0.0605818 0.996461 1
0.231758 0.971537 0.0489765 146.21 -0.971034 0.228044 0.071307 -94.7111 0.0581088 -0.064084 0.996249 1
0.239578 0.969618 0.0493781 146.366 -0.96917 0.235835 0.071328 -95.2625 0.057516 -0.0649445 0.996227 1
0.253955 0.965826 0.0517932 146.521 -0.965589 0.250061 0.0714398 -95.8202 0.0560471 -0.0681535 0.996097 1
0.265921 0.962702 0.0498468 146.678 -0.962495 0.262273 0.0693671 -96.3822 0.0537066 -0.0664237 0.996342 1
0.280309 0.958658 0.0489489 146.852 -0.958632 0.276945 0.06574 -96.9347 0.0494662 -0.0653517 0.996633 1
0.293984 0.954683 0.0463502 147.031 -0.954552 0.290767 0.0654321 -97.4772 0.0489899 -0.0634798 0.996777 1
0.310537 0.949556 0.0436394 147.22 -0.949394 0.307558 0.0636858 -98.0045 0.0470518 -0.0612079 0.997013 1
0.329369 0.943319 0.0407406 147.412 -0.943135 0.326643 0.0616256 -98.5643 0.0448251 -0.0587215 0.997265 1
0.350436 0.935705 0.0405622 147.627 -0.935585 0.347733 0.0613119 -99.0801 0.0432652 -0.0594354 0.997291 1
0.376246 0.925462 0.0441939 147.846 -0.92561 0.373339 0.0621299 -99.5923 0.0409997 -0.0642826 0.997086 1
0.397952 0.916273 0.0455248 148.084 -0.916534 0.394925 0.0632115 -100.086 0.0399402 -0.0668804 0.996959 1
0.421792 0.905368 0.0489378 148.313 -0.905823 0.418415 0.0664123 -100.559 0.0396514 -0.0723413 0.996589 1
0.44396 0.894471 0.0530634 148.564 -0.895229 0.440253 0.068834 -101.057 0.0382087 -0.0780637 0.996213 1
0.462409 0.884826 0.05705 148.813 -0.885953 0.458505 0.0696953 -101.506 0.0355106 -0.0827715 0.995933 1
0.475145 0.877643 0.0630434 149.093 -0.879296 0.47093 0.0711386 -101.981 0.0327454 -0.0892351 0.995469 1
0.478652 0.87509 0.0714478 149.372 -0.877469 0.473939 0.0736656 -102.439 0.0306022 -0.0979536 0.994717 1
0.473849 0.877301 0.0761792 149.663 -0.880163 0.469101 0.0724823 -102.918 0.0278532 -0.101396 0.994453 1
0.46501 0.88174 0.0793369 149.925 -0.884915 0.460285 0.0711284 -103.392 0.0261992 -0.103282 0.994304 1
0.45347 0.887694 0.0797445 150.172 -0.890922 0.44898 0.0683406 -103.869 0.0248619 -0.102037 0.994467 1
0.444611 0.892177 0.079601 150.406 -0.895379 0.440225 0.0670471 -104.355 0.0247756 -0.101083 0.994566 1
0.435827 0.896524 0.0793304 150.63 -0.899708 0.43163 0.064938 -104.826 0.0239772 -0.0996762 0.994728 1
0.424268 0.901899 0.0810464 150.866 -0.905206 0.420002 0.0647836 -105.308 0.0243887 -0.100849 0.9946 1
0.411842 0.907437 0.0832961 151.081 -0.910924 0.407517 0.0643646 -105.769 0.0244624 -0.102385 0.994441 1
0.399135 0.913138 0.0828491 151.286 -0.916561 0.39494 0.0627212 -106.221 0.0245528 -0.100971 0.994583 1
0.386913 0.918474 0.0818395 151.474 -0.9218 0.38294 0.0603151 -106.687 0.0240584 -0.0987765 0.994816 1
0.375188 0.923382 0.0812012 151.664 -0.926678 0.371531 0.056815 -107.155 0.0222932 -0.0965639 0.995074 1
0.364233 0.927572 0.0832926 151.846 -0.931033 0.360503 0.0566756 -107.608 0.0225436 -0.0981915 0.994909 1
0.353197 0.931704 0.0846992 152.028 -0.935284 0.349505 0.055549 -108.066 0.0221525 -0.0988378 0.994854 1
0.341776 0.936053 0.0835913 152.2 -0.93951 0.338195 0.0542286 -108.542 0.0224908 -0.097069 0.99502 1
0.332606 0.939288 0.0842971 152.351 -0.942796 0.329049 0.05347 -109.017 0.0224859 -0.0972595 0.995002 1
0.323713 0.942234 0.0860104 152.504 -0.945846 0.319955 0.054765 -109.499 0.0240821 -0.099081 0.994785 1
0.316205 0.943874 0.0954497 152.648 -0.948372 0.311899 0.0574836 -109.982 0.0244867 -0.108699 0.99377 1
0.311775 0.945253 0.0963723 152.784 -0.949843 0.307475 0.0570248 -110.459 0.0242709 -0.109318 0.993707 1
0.30754 0.946306 0.0995857 152.933 -0.951238 0.303152 0.0569348 -110.917 0.0236883 -0.11224 0.993396 1
0.306233 0.946734 0.0995482 153.054 -0.951678 0.301948 0.0559565 -111.354 0.0229176 -0.111874 0.993455 1
0.308503 0.946044 0.0990997 153.174 -0.950982 0.304413 0.0544227 -111.763 0.0213192 -0.111032 0.993585 1
0.310185 0.945883 0.0953114 153.312 -0.950447 0.306358 0.0528339 -112.176 0.0207755 -0.106977 0.994041 1
0.308092 0.946306 0.0978636 153.471 -0.951114 0.304069 0.0540371 -112.586 0.0213785 -0.109728 0.993729 1
0.305249 0.947444 0.0957372 153.652 -0.951977 0.301115 0.0553699 -113.076 0.0236322 -0.108041 0.993862 1
